#    L    TT             EE             TE             PP             TP          
     2   0.271716E-09   0.626070E-13   0.105825E-11   0.880281E-07   0.683539E-08
     3   0.223946E-09   0.650720E-13   0.131159E-11   0.134515E-06   0.771121E-08
     4   0.188881E-09   0.444249E-13   0.120910E-11   0.174484E-06   0.791976E-08
     5   0.164827E-09   0.231878E-13   0.940205E-12   0.208483E-06   0.780921E-08
     6   0.148325E-09   0.106351E-13   0.647487E-12   0.237289E-06   0.756003E-08
     7   0.137349E-09   0.553996E-14   0.415036E-12   0.261740E-06   0.726334E-08
     8   0.129930E-09   0.393072E-14   0.266051E-12   0.282515E-06   0.695294E-08
     9   0.124497E-09   0.328663E-14   0.192554E-12   0.300190E-06   0.664030E-08
    10   0.121204E-09   0.281099E-14   0.169457E-12   0.315184E-06   0.632946E-08
    11   0.119138E-09   0.243218E-14   0.168091E-12   0.327950E-06   0.603182E-08
    12   0.117693E-09   0.211660E-14   0.173437E-12   0.338648E-06   0.574418E-08
    13   0.117217E-09   0.177829E-14   0.175821E-12   0.347697E-06   0.547666E-08
    14   0.117486E-09   0.141160E-14   0.166245E-12   0.355162E-06   0.522567E-08
    15   0.118108E-09   0.109645E-14   0.146976E-12   0.361347E-06   0.499211E-08
    16   0.119136E-09   0.888173E-15   0.128345E-12   0.366339E-06   0.476742E-08
    17   0.120564E-09   0.786929E-15   0.115724E-12   0.370278E-06   0.455036E-08
    18   0.122290E-09   0.779249E-15   0.112178E-12   0.373320E-06   0.434292E-08
    19   0.124414E-09   0.845248E-15   0.117387E-12   0.375552E-06   0.414880E-08
    20   0.126699E-09   0.952809E-15   0.127981E-12   0.377045E-06   0.397094E-08
    21   0.129195E-09   0.103811E-14   0.138066E-12   0.377877E-06   0.380751E-08
    22   0.131865E-09   0.105431E-14   0.142182E-12   0.378123E-06   0.365520E-08
    23   0.134643E-09   0.104445E-14   0.142310E-12   0.377851E-06   0.350969E-08
    24   0.137566E-09   0.106400E-14   0.142007E-12   0.377124E-06   0.336759E-08
    25   0.140667E-09   0.112429E-14   0.143112E-12   0.376003E-06   0.323013E-08
    26   0.143888E-09   0.122150E-14   0.147508E-12   0.374540E-06   0.309964E-08
    27   0.147253E-09   0.133218E-14   0.151849E-12   0.372732E-06   0.297792E-08
    28   0.150715E-09   0.143276E-14   0.151846E-12   0.370579E-06   0.286598E-08
    29   0.154294E-09   0.153216E-14   0.148590E-12   0.368148E-06   0.276191E-08
    30   0.158041E-09   0.164675E-14   0.142666E-12   0.365509E-06   0.266340E-08
    31   0.161817E-09   0.178887E-14   0.137185E-12   0.362683E-06   0.256931E-08
    32   0.165679E-09   0.196948E-14   0.132796E-12   0.359679E-06   0.247884E-08
    33   0.169602E-09   0.217522E-14   0.129104E-12   0.356492E-06   0.239143E-08
    34   0.173636E-09   0.239963E-14   0.125575E-12   0.353123E-06   0.230690E-08
    35   0.177835E-09   0.264262E-14   0.119877E-12   0.349613E-06   0.222651E-08
    36   0.182045E-09   0.290729E-14   0.112472E-12   0.346003E-06   0.215136E-08
    37   0.186333E-09   0.318837E-14   0.102832E-12   0.342298E-06   0.208044E-08
    38   0.190719E-09   0.347680E-14   0.917716E-13   0.338498E-06   0.201245E-08
    39   0.195192E-09   0.377646E-14   0.797991E-13   0.334616E-06   0.194706E-08
    40   0.199746E-09   0.409483E-14   0.672098E-13   0.330669E-06   0.188416E-08
    41   0.204368E-09   0.443809E-14   0.542476E-13   0.326671E-06   0.182369E-08
    42   0.209053E-09   0.480712E-14   0.409430E-13   0.322630E-06   0.176565E-08
    43   0.213795E-09   0.520145E-14   0.272193E-13   0.318550E-06   0.171010E-08
    44   0.218592E-09   0.562035E-14   0.127838E-13   0.314437E-06   0.165707E-08
    45   0.223447E-09   0.606268E-14  -0.269722E-14   0.310297E-06   0.160662E-08
    46   0.228347E-09   0.652726E-14  -0.194558E-13   0.306135E-06   0.155872E-08
    47   0.233294E-09   0.701433E-14  -0.375676E-13   0.301958E-06   0.151312E-08
    48   0.238287E-09   0.752351E-14  -0.570716E-13   0.297771E-06   0.146949E-08
    49   0.243329E-09   0.805438E-14  -0.779966E-13   0.293581E-06   0.142751E-08
    50   0.248431E-09   0.860796E-14  -0.100353E-12   0.289395E-06   0.138687E-08
    51   0.253605E-09   0.918541E-14  -0.124127E-12   0.285217E-06   0.134732E-08
    52   0.258841E-09   0.978767E-14  -0.149234E-12   0.281050E-06   0.130895E-08
    53   0.264126E-09   0.104152E-13  -0.175603E-12   0.276898E-06   0.127192E-08
    54   0.269454E-09   0.110685E-13  -0.203276E-12   0.272761E-06   0.123639E-08
    55   0.274821E-09   0.117483E-13  -0.232346E-12   0.268641E-06   0.120253E-08
    56   0.280239E-09   0.124544E-13  -0.262979E-12   0.264542E-06   0.117045E-08
    57   0.285715E-09   0.131867E-13  -0.295290E-12   0.260466E-06   0.114005E-08
    58   0.291238E-09   0.139452E-13  -0.329290E-12   0.256416E-06   0.111119E-08
    59   0.296790E-09   0.147301E-13  -0.364951E-12   0.252395E-06   0.108372E-08
    60   0.302363E-09   0.155405E-13  -0.402189E-12   0.248408E-06   0.105749E-08
    61   0.307953E-09   0.163759E-13  -0.440930E-12   0.244456E-06   0.103237E-08
    62   0.313569E-09   0.172363E-13  -0.481190E-12   0.240540E-06   0.100823E-08
    63   0.319219E-09   0.181221E-13  -0.523007E-12   0.236660E-06   0.984976E-09
    64   0.324915E-09   0.190335E-13  -0.566420E-12   0.232815E-06   0.962502E-09
    65   0.330667E-09   0.199712E-13  -0.611475E-12   0.229006E-06   0.940700E-09
    66   0.336487E-09   0.209350E-13  -0.658223E-12   0.225233E-06   0.919489E-09
    67   0.342371E-09   0.219252E-13  -0.706613E-12   0.221496E-06   0.898889E-09
    68   0.348308E-09   0.229419E-13  -0.756569E-12   0.217798E-06   0.878944E-09
    69   0.354289E-09   0.239855E-13  -0.808022E-12   0.214140E-06   0.859698E-09
    70   0.360304E-09   0.250566E-13  -0.860924E-12   0.210524E-06   0.841196E-09
    71   0.366347E-09   0.261559E-13  -0.915263E-12   0.206951E-06   0.823461E-09
    72   0.372425E-09   0.272836E-13  -0.971122E-12   0.203422E-06   0.806428E-09
    73   0.378546E-09   0.284397E-13  -0.102858E-11   0.199936E-06   0.790011E-09
    74   0.384702E-09   0.296234E-13  -0.108758E-11   0.196495E-06   0.774127E-09
    75   0.390886E-09   0.308337E-13  -0.114800E-11   0.193097E-06   0.758688E-09
    76   0.397087E-09   0.320694E-13  -0.120975E-11   0.189743E-06   0.743619E-09
    77   0.403294E-09   0.333299E-13  -0.127269E-11   0.186433E-06   0.728876E-09
    78   0.409517E-09   0.346144E-13  -0.133685E-11   0.183166E-06   0.714425E-09
    79   0.415769E-09   0.359220E-13  -0.140228E-11   0.179942E-06   0.700234E-09
    80   0.422064E-09   0.372521E-13  -0.146907E-11   0.176761E-06   0.686266E-09
    81   0.428413E-09   0.386041E-13  -0.153725E-11   0.173623E-06   0.672511E-09
    82   0.434819E-09   0.399782E-13  -0.160684E-11   0.170527E-06   0.659041E-09
    83   0.441278E-09   0.413746E-13  -0.167785E-11   0.167475E-06   0.645949E-09
    84   0.447790E-09   0.427935E-13  -0.175027E-11   0.164467E-06   0.633332E-09
    85   0.454353E-09   0.442351E-13  -0.182413E-11   0.161503E-06   0.621282E-09
    86   0.460965E-09   0.456997E-13  -0.189938E-11   0.158583E-06   0.609869E-09
    87   0.467618E-09   0.471868E-13  -0.197598E-11   0.155708E-06   0.599059E-09
    88   0.474303E-09   0.486956E-13  -0.205385E-11   0.152875E-06   0.588794E-09
    89   0.481016E-09   0.502255E-13  -0.213292E-11   0.150086E-06   0.579014E-09
    90   0.487752E-09   0.517752E-13  -0.221317E-11   0.147338E-06   0.569661E-09
    91   0.494507E-09   0.533439E-13  -0.229451E-11   0.144633E-06   0.560684E-09
    92   0.501281E-09   0.549307E-13  -0.237696E-11   0.141968E-06   0.552058E-09
    93   0.508077E-09   0.565348E-13  -0.246047E-11   0.139344E-06   0.543767E-09
    94   0.514894E-09   0.581555E-13  -0.254506E-11   0.136760E-06   0.535794E-09
    95   0.521736E-09   0.597918E-13  -0.263070E-11   0.134217E-06   0.528125E-09
    96   0.528602E-09   0.614430E-13  -0.271735E-11   0.131713E-06   0.520741E-09
    97   0.535493E-09   0.631081E-13  -0.280500E-11   0.129249E-06   0.513627E-09
    98   0.542410E-09   0.647861E-13  -0.289362E-11   0.126824E-06   0.506767E-09
    99   0.549351E-09   0.664763E-13  -0.298318E-11   0.124437E-06   0.500143E-09
   100   0.556320E-09   0.681781E-13  -0.307366E-11   0.122089E-06   0.493740E-09
   101   0.563315E-09   0.698907E-13  -0.316500E-11   0.119778E-06   0.487541E-09
   102   0.570337E-09   0.716122E-13  -0.325722E-11   0.117505E-06   0.481530E-09
   103   0.577386E-09   0.733436E-13  -0.335023E-11   0.115269E-06   0.475691E-09
   104   0.584461E-09   0.750820E-13  -0.344403E-11   0.113071E-06   0.470006E-09
   105   0.591563E-09   0.768277E-13  -0.353857E-11   0.110908E-06   0.464461E-09
   106   0.598692E-09   0.785796E-13  -0.363381E-11   0.108782E-06   0.459037E-09
   107   0.605846E-09   0.803379E-13  -0.372970E-11   0.106692E-06   0.453720E-09
   108   0.613025E-09   0.821007E-13  -0.382623E-11   0.104637E-06   0.448492E-09
   109   0.620231E-09   0.838680E-13  -0.392332E-11   0.102617E-06   0.443338E-09
   110   0.627461E-09   0.856381E-13  -0.402095E-11   0.100631E-06   0.438240E-09
   111   0.634717E-09   0.874108E-13  -0.411911E-11   0.986804E-07   0.433186E-09
   112   0.641998E-09   0.891856E-13  -0.421770E-11   0.967633E-07   0.428177E-09
   113   0.649304E-09   0.909599E-13  -0.431670E-11   0.948798E-07   0.423217E-09
   114   0.656633E-09   0.927320E-13  -0.441606E-11   0.930292E-07   0.418311E-09
   115   0.663986E-09   0.945022E-13  -0.451573E-11   0.912113E-07   0.413462E-09
   116   0.671363E-09   0.962689E-13  -0.461566E-11   0.894256E-07   0.408676E-09
   117   0.678763E-09   0.980294E-13  -0.471580E-11   0.876715E-07   0.403955E-09
   118   0.686184E-09   0.997841E-13  -0.481609E-11   0.859488E-07   0.399306E-09
   119   0.693627E-09   0.101531E-12  -0.491651E-11   0.842569E-07   0.394731E-09
   120   0.701092E-09   0.103270E-12  -0.501700E-11   0.825955E-07   0.390236E-09
   121   0.708576E-09   0.104999E-12  -0.511749E-11   0.809641E-07   0.385824E-09
   122   0.716080E-09   0.106718E-12  -0.521797E-11   0.793622E-07   0.381501E-09
   123   0.723603E-09   0.108425E-12  -0.531838E-11   0.777894E-07   0.377269E-09
   124   0.731144E-09   0.110120E-12  -0.541865E-11   0.762453E-07   0.373135E-09
   125   0.738703E-09   0.111802E-12  -0.551877E-11   0.747295E-07   0.369101E-09
   126   0.746278E-09   0.113469E-12  -0.561868E-11   0.732415E-07   0.365172E-09
   127   0.753869E-09   0.115123E-12  -0.571832E-11   0.717808E-07   0.361353E-09
   128   0.761476E-09   0.116762E-12  -0.581768E-11   0.703472E-07   0.357647E-09
   129   0.769097E-09   0.118385E-12  -0.591669E-11   0.689400E-07   0.354060E-09
   130   0.776733E-09   0.119992E-12  -0.601531E-11   0.675589E-07   0.350596E-09
   131   0.784380E-09   0.121582E-12  -0.611351E-11   0.662035E-07   0.347256E-09
   132   0.792041E-09   0.123154E-12  -0.621121E-11   0.648733E-07   0.344037E-09
   133   0.799714E-09   0.124705E-12  -0.630837E-11   0.635681E-07   0.340933E-09
   134   0.807398E-09   0.126237E-12  -0.640492E-11   0.622874E-07   0.337938E-09
   135   0.815092E-09   0.127745E-12  -0.650083E-11   0.610309E-07   0.335046E-09
   136   0.822797E-09   0.129229E-12  -0.659600E-11   0.597982E-07   0.332251E-09
   137   0.830511E-09   0.130687E-12  -0.669040E-11   0.585890E-07   0.329547E-09
   138   0.838233E-09   0.132119E-12  -0.678398E-11   0.574029E-07   0.326929E-09
   139   0.845964E-09   0.133522E-12  -0.687668E-11   0.562395E-07   0.324389E-09
   140   0.853703E-09   0.134897E-12  -0.696846E-11   0.550985E-07   0.321922E-09
   141   0.861448E-09   0.136243E-12  -0.705927E-11   0.539795E-07   0.319523E-09
   142   0.869199E-09   0.137557E-12  -0.714905E-11   0.528822E-07   0.317185E-09
   143   0.876957E-09   0.138841E-12  -0.723776E-11   0.518061E-07   0.314902E-09
   144   0.884718E-09   0.140092E-12  -0.732536E-11   0.507510E-07   0.312668E-09
   145   0.892485E-09   0.141310E-12  -0.741179E-11   0.497164E-07   0.310478E-09
   146   0.900252E-09   0.142495E-12  -0.749702E-11   0.487020E-07   0.308326E-09
   147   0.908019E-09   0.143647E-12  -0.758097E-11   0.477075E-07   0.306204E-09
   148   0.915786E-09   0.144765E-12  -0.766362E-11   0.467324E-07   0.304109E-09
   149   0.923550E-09   0.145849E-12  -0.774492E-11   0.457764E-07   0.302033E-09
   150   0.931311E-09   0.146899E-12  -0.782481E-11   0.448392E-07   0.299970E-09
   151   0.939065E-09   0.147914E-12  -0.790325E-11   0.439203E-07   0.297916E-09
   152   0.946813E-09   0.148894E-12  -0.798019E-11   0.430196E-07   0.295870E-09
   153   0.954555E-09   0.149837E-12  -0.805555E-11   0.421368E-07   0.293832E-09
   154   0.962290E-09   0.150743E-12  -0.812930E-11   0.412715E-07   0.291802E-09
   155   0.970017E-09   0.151610E-12  -0.820134E-11   0.404235E-07   0.289780E-09
   156   0.977737E-09   0.152437E-12  -0.827164E-11   0.395927E-07   0.287767E-09
   157   0.985447E-09   0.153222E-12  -0.834013E-11   0.387786E-07   0.285762E-09
   158   0.993149E-09   0.153966E-12  -0.840675E-11   0.379811E-07   0.283767E-09
   159   0.100084E-08   0.154667E-12  -0.847144E-11   0.371999E-07   0.281781E-09
   160   0.100852E-08   0.155326E-12  -0.853415E-11   0.364346E-07   0.279803E-09
   161   0.101619E-08   0.155941E-12  -0.859483E-11   0.356852E-07   0.277836E-09
   162   0.102384E-08   0.156511E-12  -0.865343E-11   0.349513E-07   0.275877E-09
   163   0.103147E-08   0.157040E-12  -0.870987E-11   0.342326E-07   0.273929E-09
   164   0.103909E-08   0.157522E-12  -0.876414E-11   0.335288E-07   0.271991E-09
   165   0.104669E-08   0.157960E-12  -0.881615E-11   0.328398E-07   0.270062E-09
   166   0.105427E-08   0.158353E-12  -0.886588E-11   0.321652E-07   0.268144E-09
   167   0.106182E-08   0.158702E-12  -0.891327E-11   0.315049E-07   0.266237E-09
   168   0.106936E-08   0.159008E-12  -0.895831E-11   0.308584E-07   0.264340E-09
   169   0.107687E-08   0.159269E-12  -0.900096E-11   0.302257E-07   0.262454E-09
   170   0.108435E-08   0.159487E-12  -0.904117E-11   0.296063E-07   0.260580E-09
   171   0.109182E-08   0.159662E-12  -0.907891E-11   0.290001E-07   0.258716E-09
   172   0.109925E-08   0.159794E-12  -0.911415E-11   0.284068E-07   0.256864E-09
   173   0.110666E-08   0.159885E-12  -0.914685E-11   0.278261E-07   0.255023E-09
   174   0.111404E-08   0.159934E-12  -0.917699E-11   0.272577E-07   0.253195E-09
   175   0.112139E-08   0.159944E-12  -0.920456E-11   0.267015E-07   0.251378E-09
   176   0.112871E-08   0.159914E-12  -0.922952E-11   0.261571E-07   0.249573E-09
   177   0.113601E-08   0.159844E-12  -0.925181E-11   0.256243E-07   0.247780E-09
   178   0.114326E-08   0.159734E-12  -0.927139E-11   0.251030E-07   0.245999E-09
   179   0.115049E-08   0.159583E-12  -0.928819E-11   0.245929E-07   0.244230E-09
   180   0.115768E-08   0.159391E-12  -0.930217E-11   0.240939E-07   0.242472E-09
   181   0.116484E-08   0.159157E-12  -0.931330E-11   0.236058E-07   0.240725E-09
   182   0.117196E-08   0.158882E-12  -0.932152E-11   0.231283E-07   0.238989E-09
   183   0.117905E-08   0.158564E-12  -0.932680E-11   0.226613E-07   0.237264E-09
   184   0.118610E-08   0.158204E-12  -0.932911E-11   0.222045E-07   0.235550E-09
   185   0.119311E-08   0.157803E-12  -0.932837E-11   0.217578E-07   0.233846E-09
   186   0.120008E-08   0.157360E-12  -0.932459E-11   0.213210E-07   0.232153E-09
   187   0.120702E-08   0.156873E-12  -0.931770E-11   0.208939E-07   0.230470E-09
   188   0.121391E-08   0.156346E-12  -0.930768E-11   0.204763E-07   0.228796E-09
   189   0.122076E-08   0.155776E-12  -0.929451E-11   0.200679E-07   0.227133E-09
   190   0.122758E-08   0.155165E-12  -0.927816E-11   0.196687E-07   0.225479E-09
   191   0.123435E-08   0.154513E-12  -0.925861E-11   0.192784E-07   0.223834E-09
   192   0.124108E-08   0.153819E-12  -0.923580E-11   0.188967E-07   0.222199E-09
   193   0.124776E-08   0.153086E-12  -0.920973E-11   0.185236E-07   0.220573E-09
   194   0.125440E-08   0.152312E-12  -0.918039E-11   0.181588E-07   0.218955E-09
   195   0.126100E-08   0.151498E-12  -0.914775E-11   0.178021E-07   0.217346E-09
   196   0.126755E-08   0.150645E-12  -0.911182E-11   0.174533E-07   0.215746E-09
   197   0.127406E-08   0.149754E-12  -0.907257E-11   0.171122E-07   0.214154E-09
   198   0.128052E-08   0.148826E-12  -0.902999E-11   0.167787E-07   0.212570E-09
   199   0.128694E-08   0.147859E-12  -0.898406E-11   0.164525E-07   0.210995E-09
   200   0.129331E-08   0.146857E-12  -0.893480E-11   0.161334E-07   0.209426E-09
   201   0.129964E-08   0.145818E-12  -0.888217E-11   0.158213E-07   0.207866E-09
   202   0.130591E-08   0.144746E-12  -0.882617E-11   0.155161E-07   0.206313E-09
   203   0.131214E-08   0.143645E-12  -0.876675E-11   0.152176E-07   0.204767E-09
   204   0.131831E-08   0.142516E-12  -0.870388E-11   0.149257E-07   0.203229E-09
   205   0.132443E-08   0.141363E-12  -0.863756E-11   0.146404E-07   0.201698E-09
   206   0.133048E-08   0.140188E-12  -0.856773E-11   0.143615E-07   0.200173E-09
   207   0.133648E-08   0.138995E-12  -0.849437E-11   0.140890E-07   0.198656E-09
   208   0.134241E-08   0.137787E-12  -0.841747E-11   0.138227E-07   0.197145E-09
   209   0.134829E-08   0.136566E-12  -0.833703E-11   0.135626E-07   0.195641E-09
   210   0.135410E-08   0.135336E-12  -0.825302E-11   0.133086E-07   0.194144E-09
   211   0.135985E-08   0.134099E-12  -0.816545E-11   0.130605E-07   0.192653E-09
   212   0.136554E-08   0.132858E-12  -0.807430E-11   0.128183E-07   0.191168E-09
   213   0.137116E-08   0.131617E-12  -0.797955E-11   0.125818E-07   0.189690E-09
   214   0.137673E-08   0.130378E-12  -0.788121E-11   0.123510E-07   0.188218E-09
   215   0.138223E-08   0.129144E-12  -0.777926E-11   0.121258E-07   0.186751E-09
   216   0.138766E-08   0.127918E-12  -0.767371E-11   0.119061E-07   0.185291E-09
   217   0.139302E-08   0.126702E-12  -0.756454E-11   0.116917E-07   0.183836E-09
   218   0.139832E-08   0.125499E-12  -0.745174E-11   0.114826E-07   0.182387E-09
   219   0.140354E-08   0.124312E-12  -0.733532E-11   0.112787E-07   0.180944E-09
   220   0.140869E-08   0.123144E-12  -0.721527E-11   0.110799E-07   0.179505E-09
   221   0.141377E-08   0.121996E-12  -0.709160E-11   0.108860E-07   0.178073E-09
   222   0.141877E-08   0.120873E-12  -0.696428E-11   0.106971E-07   0.176645E-09
   223   0.142370E-08   0.119775E-12  -0.683334E-11   0.105129E-07   0.175222E-09
   224   0.142855E-08   0.118706E-12  -0.669876E-11   0.103334E-07   0.173805E-09
   225   0.143332E-08   0.117667E-12  -0.656058E-11   0.101585E-07   0.172392E-09
   226   0.143802E-08   0.116660E-12  -0.641877E-11   0.998808E-08   0.170984E-09
   227   0.144263E-08   0.115690E-12  -0.627335E-11   0.982207E-08   0.169580E-09
   228   0.144716E-08   0.114756E-12  -0.612433E-11   0.966035E-08   0.168181E-09
   229   0.145162E-08   0.113861E-12  -0.597170E-11   0.950283E-08   0.166787E-09
   230   0.145599E-08   0.113008E-12  -0.581549E-11   0.934941E-08   0.165397E-09
   231   0.146028E-08   0.112197E-12  -0.565570E-11   0.920000E-08   0.164010E-09
   232   0.146449E-08   0.111430E-12  -0.549233E-11   0.905449E-08   0.162628E-09
   233   0.146861E-08   0.110710E-12  -0.532540E-11   0.891279E-08   0.161250E-09
   234   0.147265E-08   0.110037E-12  -0.515494E-11   0.877480E-08   0.159876E-09
   235   0.147660E-08   0.109414E-12  -0.498092E-11   0.864042E-08   0.158505E-09
   236   0.148046E-08   0.108842E-12  -0.480338E-11   0.850955E-08   0.157138E-09
   237   0.148424E-08   0.108321E-12  -0.462234E-11   0.838210E-08   0.155774E-09
   238   0.148794E-08   0.107853E-12  -0.443779E-11   0.825796E-08   0.154414E-09
   239   0.149154E-08   0.107437E-12  -0.424976E-11   0.813705E-08   0.153057E-09
   240   0.149506E-08   0.107077E-12  -0.405828E-11   0.801925E-08   0.151703E-09
   241   0.149848E-08   0.106772E-12  -0.386332E-11   0.790448E-08   0.150352E-09
   242   0.150182E-08   0.106523E-12  -0.366494E-11   0.779264E-08   0.149004E-09
   243   0.150507E-08   0.106331E-12  -0.346315E-11   0.768362E-08   0.147659E-09
   244   0.150822E-08   0.106195E-12  -0.325793E-11   0.757734E-08   0.146316E-09
   245   0.151129E-08   0.106117E-12  -0.304931E-11   0.747368E-08   0.144976E-09
   246   0.151427E-08   0.106095E-12  -0.283731E-11   0.737256E-08   0.143639E-09
   247   0.151715E-08   0.106130E-12  -0.262193E-11   0.727388E-08   0.142303E-09
   248   0.151995E-08   0.106223E-12  -0.240320E-11   0.717754E-08   0.140970E-09
   249   0.152265E-08   0.106372E-12  -0.218112E-11   0.708343E-08   0.139639E-09
   250   0.152526E-08   0.106578E-12  -0.195571E-11   0.699147E-08   0.138310E-09
   251   0.152778E-08   0.106840E-12  -0.172701E-11   0.690156E-08   0.136983E-09
   252   0.153021E-08   0.107164E-12  -0.149509E-11   0.681367E-08   0.135658E-09
   253   0.153254E-08   0.107558E-12  -0.126002E-11   0.672776E-08   0.134335E-09
   254   0.153478E-08   0.108029E-12  -0.102190E-11   0.664379E-08   0.133015E-09
   255   0.153692E-08   0.108584E-12  -0.780802E-12   0.656175E-08   0.131697E-09
   256   0.153896E-08   0.109229E-12  -0.536801E-12   0.648160E-08   0.130381E-09
   257   0.154091E-08   0.109972E-12  -0.289957E-12   0.640330E-08   0.129069E-09
   258   0.154276E-08   0.110819E-12  -0.403835E-13   0.632682E-08   0.127759E-09
   259   0.154451E-08   0.111776E-12   0.212004E-12   0.625214E-08   0.126453E-09
   260   0.154617E-08   0.112850E-12   0.466930E-12   0.617922E-08   0.125150E-09
   261   0.154774E-08   0.114047E-12   0.724520E-12   0.610804E-08   0.123851E-09
   262   0.154921E-08   0.115373E-12   0.984599E-12   0.603855E-08   0.122555E-09
   263   0.155059E-08   0.116835E-12   0.124719E-11   0.597072E-08   0.121263E-09
   264   0.155187E-08   0.118438E-12   0.151212E-11   0.590454E-08   0.119975E-09
   265   0.155305E-08   0.120185E-12   0.177952E-11   0.583996E-08   0.118691E-09
   266   0.155414E-08   0.122084E-12   0.204910E-11   0.577695E-08   0.117411E-09
   267   0.155514E-08   0.124137E-12   0.232080E-11   0.571549E-08   0.116136E-09
   268   0.155603E-08   0.126350E-12   0.259474E-11   0.565553E-08   0.114865E-09
   269   0.155683E-08   0.128729E-12   0.287064E-11   0.559706E-08   0.113600E-09
   270   0.155753E-08   0.131276E-12   0.314863E-11   0.554003E-08   0.112339E-09
   271   0.155814E-08   0.133998E-12   0.342843E-11   0.548442E-08   0.111083E-09
   272   0.155864E-08   0.136898E-12   0.371017E-11   0.543020E-08   0.109833E-09
   273   0.155905E-08   0.139978E-12   0.399367E-11   0.537733E-08   0.108588E-09
   274   0.155936E-08   0.143244E-12   0.427907E-11   0.532578E-08   0.107348E-09
   275   0.155957E-08   0.146698E-12   0.456608E-11   0.527552E-08   0.106115E-09
   276   0.155969E-08   0.150346E-12   0.485482E-11   0.522652E-08   0.104887E-09
   277   0.155971E-08   0.154189E-12   0.514513E-11   0.517875E-08   0.103665E-09
   278   0.155963E-08   0.158231E-12   0.543693E-11   0.513218E-08   0.102450E-09
   279   0.155946E-08   0.162475E-12   0.573034E-11   0.508677E-08   0.101241E-09
   280   0.155919E-08   0.166921E-12   0.602519E-11   0.504250E-08   0.100039E-09
   281   0.155882E-08   0.171575E-12   0.632150E-11   0.499933E-08   0.988429E-10
   282   0.155835E-08   0.176436E-12   0.661921E-11   0.495723E-08   0.976542E-10
   283   0.155779E-08   0.181508E-12   0.691822E-11   0.491617E-08   0.964725E-10
   284   0.155713E-08   0.186794E-12   0.721848E-11   0.487612E-08   0.952981E-10
   285   0.155638E-08   0.192294E-12   0.751999E-11   0.483704E-08   0.941310E-10
   286   0.155553E-08   0.198011E-12   0.782280E-11   0.479891E-08   0.929715E-10
   287   0.155458E-08   0.203945E-12   0.812682E-11   0.476170E-08   0.918197E-10
   288   0.155354E-08   0.210098E-12   0.843188E-11   0.472537E-08   0.906757E-10
   289   0.155240E-08   0.216471E-12   0.873820E-11   0.468989E-08   0.895398E-10
   290   0.155116E-08   0.223065E-12   0.904551E-11   0.465523E-08   0.884121E-10
   291   0.154983E-08   0.229884E-12   0.935393E-11   0.462135E-08   0.872928E-10
   292   0.154841E-08   0.236915E-12   0.966340E-11   0.458824E-08   0.861820E-10
   293   0.154689E-08   0.244176E-12   0.997392E-11   0.455585E-08   0.850798E-10
   294   0.154527E-08   0.251662E-12   0.102853E-10   0.452416E-08   0.839865E-10
   295   0.154356E-08   0.259361E-12   0.105978E-10   0.449312E-08   0.829023E-10
   296   0.154175E-08   0.267287E-12   0.109111E-10   0.446273E-08   0.818272E-10
   297   0.153984E-08   0.275428E-12   0.112253E-10   0.443293E-08   0.807614E-10
   298   0.153784E-08   0.283790E-12   0.115403E-10   0.440370E-08   0.797051E-10
   299   0.153575E-08   0.292369E-12   0.118562E-10   0.437500E-08   0.786585E-10
   300   0.153355E-08   0.301161E-12   0.121730E-10   0.434682E-08   0.776218E-10
   301   0.153127E-08   0.310184E-12   0.124906E-10   0.431911E-08   0.765949E-10
   302   0.152889E-08   0.319417E-12   0.128090E-10   0.429186E-08   0.755781E-10
   303   0.152642E-08   0.328880E-12   0.131280E-10   0.426508E-08   0.745711E-10
   304   0.152385E-08   0.338574E-12   0.134476E-10   0.423874E-08   0.735741E-10
   305   0.152120E-08   0.348500E-12   0.137676E-10   0.421284E-08   0.725869E-10
   306   0.151846E-08   0.358666E-12   0.140878E-10   0.418737E-08   0.716097E-10
   307   0.151563E-08   0.369065E-12   0.144082E-10   0.416232E-08   0.706422E-10
   308   0.151271E-08   0.379706E-12   0.147287E-10   0.413768E-08   0.696845E-10
   309   0.150971E-08   0.390590E-12   0.150492E-10   0.411344E-08   0.687367E-10
   310   0.150662E-08   0.401706E-12   0.153695E-10   0.408960E-08   0.677985E-10
   311   0.150344E-08   0.413076E-12   0.156894E-10   0.406614E-08   0.668702E-10
   312   0.150019E-08   0.424689E-12   0.160090E-10   0.404306E-08   0.659515E-10
   313   0.149685E-08   0.436557E-12   0.163280E-10   0.402034E-08   0.650424E-10
   314   0.149343E-08   0.448668E-12   0.166465E-10   0.399798E-08   0.641431E-10
   315   0.148993E-08   0.461025E-12   0.169642E-10   0.397597E-08   0.632533E-10
   316   0.148635E-08   0.473646E-12   0.172810E-10   0.395429E-08   0.623732E-10
   317   0.148269E-08   0.486513E-12   0.175971E-10   0.393295E-08   0.615026E-10
   318   0.147896E-08   0.499635E-12   0.179122E-10   0.391193E-08   0.606416E-10
   319   0.147515E-08   0.513014E-12   0.182261E-10   0.389122E-08   0.597901E-10
   320   0.147126E-08   0.526659E-12   0.185389E-10   0.387081E-08   0.589481E-10
   321   0.146730E-08   0.540560E-12   0.188505E-10   0.385070E-08   0.581156E-10
   322   0.146326E-08   0.554719E-12   0.191607E-10   0.383087E-08   0.572925E-10
   323   0.145916E-08   0.569135E-12   0.194695E-10   0.381132E-08   0.564788E-10
   324   0.145498E-08   0.583809E-12   0.197768E-10   0.379203E-08   0.556746E-10
   325   0.145073E-08   0.598752E-12   0.200826E-10   0.377300E-08   0.548797E-10
   326   0.144641E-08   0.613962E-12   0.203867E-10   0.375422E-08   0.540941E-10
   327   0.144202E-08   0.629432E-12   0.206890E-10   0.373568E-08   0.533179E-10
   328   0.143756E-08   0.645160E-12   0.209895E-10   0.371737E-08   0.525509E-10
   329   0.143303E-08   0.661159E-12   0.212884E-10   0.369929E-08   0.517932E-10
   330   0.142844E-08   0.677417E-12   0.215852E-10   0.368141E-08   0.510448E-10
   331   0.142378E-08   0.693945E-12   0.218800E-10   0.366374E-08   0.503055E-10
   332   0.141906E-08   0.710744E-12   0.221727E-10   0.364626E-08   0.495755E-10
   333   0.141427E-08   0.727804E-12   0.224634E-10   0.362897E-08   0.488546E-10
   334   0.140942E-08   0.745136E-12   0.227519E-10   0.361186E-08   0.481428E-10
   335   0.140450E-08   0.762728E-12   0.230381E-10   0.359491E-08   0.474402E-10
   336   0.139952E-08   0.780593E-12   0.233221E-10   0.357812E-08   0.467466E-10
   337   0.139448E-08   0.798731E-12   0.236039E-10   0.356148E-08   0.460621E-10
   338   0.138938E-08   0.817140E-12   0.238833E-10   0.354498E-08   0.453866E-10
   339   0.138422E-08   0.835823E-12   0.241604E-10   0.352861E-08   0.447202E-10
   340   0.137900E-08   0.854790E-12   0.244351E-10   0.351237E-08   0.440627E-10
   341   0.137372E-08   0.874020E-12   0.247073E-10   0.349624E-08   0.434142E-10
   342   0.136838E-08   0.893524E-12   0.249770E-10   0.348021E-08   0.427746E-10
   343   0.136299E-08   0.913302E-12   0.252441E-10   0.346427E-08   0.421439E-10
   344   0.135753E-08   0.933346E-12   0.255085E-10   0.344843E-08   0.415221E-10
   345   0.135202E-08   0.953664E-12   0.257703E-10   0.343265E-08   0.409091E-10
   346   0.134645E-08   0.974248E-12   0.260292E-10   0.341695E-08   0.403050E-10
   347   0.134082E-08   0.995108E-12   0.262854E-10   0.340131E-08   0.397097E-10
   348   0.133514E-08   0.101622E-11   0.265387E-10   0.338571E-08   0.391231E-10
   349   0.132939E-08   0.103763E-11   0.267893E-10   0.337016E-08   0.385453E-10
   350   0.132360E-08   0.105931E-11   0.270370E-10   0.335464E-08   0.379763E-10
   351   0.131774E-08   0.108127E-11   0.272819E-10   0.333914E-08   0.374159E-10
   352   0.131184E-08   0.110352E-11   0.275240E-10   0.332367E-08   0.368640E-10
   353   0.130588E-08   0.112604E-11   0.277631E-10   0.330821E-08   0.363206E-10
   354   0.129988E-08   0.114884E-11   0.279993E-10   0.329278E-08   0.357855E-10
   355   0.129382E-08   0.117190E-11   0.282325E-10   0.327737E-08   0.352585E-10
   356   0.128772E-08   0.119522E-11   0.284626E-10   0.326198E-08   0.347396E-10
   357   0.128157E-08   0.121881E-11   0.286894E-10   0.324661E-08   0.342285E-10
   358   0.127537E-08   0.124264E-11   0.289131E-10   0.323126E-08   0.337251E-10
   359   0.126913E-08   0.126672E-11   0.291333E-10   0.321593E-08   0.332294E-10
   360   0.126284E-08   0.129103E-11   0.293502E-10   0.320061E-08   0.327411E-10
   361   0.125651E-08   0.131557E-11   0.295635E-10   0.318532E-08   0.322602E-10
   362   0.125014E-08   0.134035E-11   0.297733E-10   0.317004E-08   0.317864E-10
   363   0.124373E-08   0.136534E-11   0.299794E-10   0.315478E-08   0.313197E-10
   364   0.123727E-08   0.139056E-11   0.301819E-10   0.313953E-08   0.308599E-10
   365   0.123078E-08   0.141599E-11   0.303807E-10   0.312430E-08   0.304069E-10
   366   0.122425E-08   0.144163E-11   0.305758E-10   0.310909E-08   0.299605E-10
   367   0.121769E-08   0.146749E-11   0.307671E-10   0.309389E-08   0.295207E-10
   368   0.121109E-08   0.149355E-11   0.309546E-10   0.307870E-08   0.290872E-10
   369   0.120445E-08   0.151983E-11   0.311382E-10   0.306353E-08   0.286599E-10
   370   0.119778E-08   0.154630E-11   0.313178E-10   0.304837E-08   0.282387E-10
   371   0.119107E-08   0.157298E-11   0.314935E-10   0.303323E-08   0.278235E-10
   372   0.118434E-08   0.159985E-11   0.316651E-10   0.301809E-08   0.274141E-10
   373   0.117757E-08   0.162692E-11   0.318327E-10   0.300297E-08   0.270104E-10
   374   0.117077E-08   0.165420E-11   0.319962E-10   0.298786E-08   0.266122E-10
   375   0.116394E-08   0.168167E-11   0.321555E-10   0.297277E-08   0.262195E-10
   376   0.115708E-08   0.170932E-11   0.323106E-10   0.295768E-08   0.258320E-10
   377   0.115019E-08   0.173717E-11   0.324615E-10   0.294260E-08   0.254496E-10
   378   0.114327E-08   0.176519E-11   0.326080E-10   0.292753E-08   0.250723E-10
   379   0.113632E-08   0.179340E-11   0.327502E-10   0.291247E-08   0.246998E-10
   380   0.112935E-08   0.182179E-11   0.328879E-10   0.289742E-08   0.243320E-10
   381   0.112235E-08   0.185036E-11   0.330212E-10   0.288238E-08   0.239688E-10
   382   0.111532E-08   0.187910E-11   0.331500E-10   0.286734E-08   0.236101E-10
   383   0.110827E-08   0.190802E-11   0.332742E-10   0.285232E-08   0.232556E-10
   384   0.110120E-08   0.193712E-11   0.333939E-10   0.283729E-08   0.229054E-10
   385   0.109410E-08   0.196640E-11   0.335089E-10   0.282228E-08   0.225592E-10
   386   0.108697E-08   0.199588E-11   0.336193E-10   0.280727E-08   0.222168E-10
   387   0.107983E-08   0.202553E-11   0.337250E-10   0.279226E-08   0.218783E-10
   388   0.107266E-08   0.205539E-11   0.338260E-10   0.277726E-08   0.215434E-10
   389   0.106546E-08   0.208545E-11   0.339221E-10   0.276227E-08   0.212119E-10
   390   0.105825E-08   0.211570E-11   0.340135E-10   0.274727E-08   0.208838E-10
   391   0.105101E-08   0.214615E-11   0.341001E-10   0.273228E-08   0.205589E-10
   392   0.104375E-08   0.217680E-11   0.341817E-10   0.271730E-08   0.202372E-10
   393   0.103647E-08   0.220765E-11   0.342584E-10   0.270231E-08   0.199183E-10
   394   0.102917E-08   0.223871E-11   0.343302E-10   0.268733E-08   0.196022E-10
   395   0.102184E-08   0.226996E-11   0.343969E-10   0.267234E-08   0.192889E-10
   396   0.101450E-08   0.230143E-11   0.344585E-10   0.265736E-08   0.189780E-10
   397   0.100713E-08   0.233311E-11   0.345150E-10   0.264238E-08   0.186695E-10
   398   0.999745E-09   0.236500E-11   0.345664E-10   0.262740E-08   0.183633E-10
   399   0.992339E-09   0.239710E-11   0.346126E-10   0.261242E-08   0.180592E-10
   400   0.984913E-09   0.242943E-11   0.346535E-10   0.259743E-08   0.177571E-10
   401   0.977468E-09   0.246198E-11   0.346891E-10   0.258244E-08   0.174569E-10
   402   0.970006E-09   0.249473E-11   0.347194E-10   0.256746E-08   0.171585E-10
   403   0.962529E-09   0.252767E-11   0.347445E-10   0.255247E-08   0.168621E-10
   404   0.955040E-09   0.256078E-11   0.347643E-10   0.253749E-08   0.165677E-10
   405   0.947539E-09   0.259404E-11   0.347789E-10   0.252251E-08   0.162753E-10
   406   0.940029E-09   0.262743E-11   0.347882E-10   0.250754E-08   0.159850E-10
   407   0.932513E-09   0.266093E-11   0.347924E-10   0.249258E-08   0.156968E-10
   408   0.924993E-09   0.269451E-11   0.347913E-10   0.247762E-08   0.154108E-10
   409   0.917468E-09   0.272818E-11   0.347851E-10   0.246268E-08   0.151271E-10
   410   0.909944E-09   0.276191E-11   0.347737E-10   0.244775E-08   0.148456E-10
   411   0.902420E-09   0.279566E-11   0.347571E-10   0.243283E-08   0.145664E-10
   412   0.894899E-09   0.282945E-11   0.347354E-10   0.241792E-08   0.142896E-10
   413   0.887384E-09   0.286323E-11   0.347084E-10   0.240304E-08   0.140152E-10
   414   0.879876E-09   0.289701E-11   0.346764E-10   0.238817E-08   0.137433E-10
   415   0.872376E-09   0.293077E-11   0.346391E-10   0.237332E-08   0.134739E-10
   416   0.864888E-09   0.296447E-11   0.345966E-10   0.235850E-08   0.132071E-10
   417   0.857413E-09   0.299813E-11   0.345490E-10   0.234370E-08   0.129429E-10
   418   0.849953E-09   0.303170E-11   0.344962E-10   0.232892E-08   0.126813E-10
   419   0.842510E-09   0.306519E-11   0.344382E-10   0.231417E-08   0.124225E-10
   420   0.835087E-09   0.309856E-11   0.343750E-10   0.229944E-08   0.121664E-10
   421   0.827685E-09   0.313181E-11   0.343067E-10   0.228475E-08   0.119130E-10
   422   0.820305E-09   0.316491E-11   0.342331E-10   0.227009E-08   0.116626E-10
   423   0.812951E-09   0.319785E-11   0.341544E-10   0.225546E-08   0.114150E-10
   424   0.805624E-09   0.323061E-11   0.340705E-10   0.224086E-08   0.111704E-10
   425   0.798325E-09   0.326318E-11   0.339814E-10   0.222630E-08   0.109288E-10
   426   0.791057E-09   0.329555E-11   0.338870E-10   0.221178E-08   0.106902E-10
   427   0.783819E-09   0.332771E-11   0.337874E-10   0.219729E-08   0.104548E-10
   428   0.776617E-09   0.335966E-11   0.336825E-10   0.218285E-08   0.102224E-10
   429   0.769449E-09   0.339137E-11   0.335722E-10   0.216845E-08   0.999326E-11
   430   0.762317E-09   0.342283E-11   0.334566E-10   0.215409E-08   0.976733E-11
   431   0.755225E-09   0.345406E-11   0.333356E-10   0.213977E-08   0.954468E-11
   432   0.748172E-09   0.348501E-11   0.332091E-10   0.212551E-08   0.932537E-11
   433   0.741163E-09   0.351568E-11   0.330772E-10   0.211129E-08   0.910943E-11
   434   0.734196E-09   0.354607E-11   0.329399E-10   0.209712E-08   0.889691E-11
   435   0.727277E-09   0.357615E-11   0.327970E-10   0.208300E-08   0.868787E-11
   436   0.720406E-09   0.360591E-11   0.326486E-10   0.206894E-08   0.848235E-11
   437   0.713585E-09   0.363533E-11   0.324947E-10   0.205493E-08   0.828040E-11
   438   0.706816E-09   0.366441E-11   0.323351E-10   0.204098E-08   0.808207E-11
   439   0.700100E-09   0.369314E-11   0.321699E-10   0.202708E-08   0.788740E-11
   440   0.693440E-09   0.372150E-11   0.319991E-10   0.201325E-08   0.769645E-11
   441   0.686837E-09   0.374948E-11   0.318225E-10   0.199947E-08   0.750925E-11
   442   0.680291E-09   0.377707E-11   0.316402E-10   0.198576E-08   0.732586E-11
   443   0.673804E-09   0.380427E-11   0.314520E-10   0.197211E-08   0.714633E-11
   444   0.667378E-09   0.383106E-11   0.312580E-10   0.195852E-08   0.697071E-11
   445   0.661015E-09   0.385743E-11   0.310581E-10   0.194501E-08   0.679904E-11
   446   0.654715E-09   0.388338E-11   0.308523E-10   0.193156E-08   0.663136E-11
   447   0.648481E-09   0.390889E-11   0.306403E-10   0.191818E-08   0.646774E-11
   448   0.642315E-09   0.393396E-11   0.304223E-10   0.190488E-08   0.630821E-11
   449   0.636220E-09   0.395858E-11   0.301981E-10   0.189164E-08   0.615283E-11
   450   0.630196E-09   0.398273E-11   0.299677E-10   0.187849E-08   0.600163E-11
   451   0.624245E-09   0.400642E-11   0.297310E-10   0.186540E-08   0.585466E-11
   452   0.618367E-09   0.402965E-11   0.294882E-10   0.185240E-08   0.571184E-11
   453   0.612558E-09   0.405245E-11   0.292395E-10   0.183946E-08   0.557309E-11
   454   0.606817E-09   0.407484E-11   0.289853E-10   0.182660E-08   0.543833E-11
   455   0.601140E-09   0.409682E-11   0.287258E-10   0.181381E-08   0.530747E-11
   456   0.595526E-09   0.411842E-11   0.284612E-10   0.180109E-08   0.518042E-11
   457   0.589972E-09   0.413966E-11   0.281917E-10   0.178843E-08   0.505711E-11
   458   0.584475E-09   0.416055E-11   0.279176E-10   0.177584E-08   0.493744E-11
   459   0.579033E-09   0.418111E-11   0.276392E-10   0.176332E-08   0.482133E-11
   460   0.573645E-09   0.420136E-11   0.273566E-10   0.175086E-08   0.470870E-11
   461   0.568307E-09   0.422132E-11   0.270701E-10   0.173846E-08   0.459946E-11
   462   0.563021E-09   0.424102E-11   0.267798E-10   0.172611E-08   0.449353E-11
   463   0.557781E-09   0.426048E-11   0.264859E-10   0.171383E-08   0.439082E-11
   464   0.552590E-09   0.427971E-11   0.261886E-10   0.170160E-08   0.429125E-11
   465   0.547442E-09   0.429873E-11   0.258882E-10   0.168943E-08   0.419474E-11
   466   0.542339E-09   0.431758E-11   0.255848E-10   0.167731E-08   0.410119E-11
   467   0.537276E-09   0.433626E-11   0.252786E-10   0.166525E-08   0.401052E-11
   468   0.532252E-09   0.435480E-11   0.249699E-10   0.165323E-08   0.392265E-11
   469   0.527264E-09   0.437321E-11   0.246587E-10   0.164126E-08   0.383750E-11
   470   0.522310E-09   0.439151E-11   0.243454E-10   0.162935E-08   0.375497E-11
   471   0.517387E-09   0.440972E-11   0.240303E-10   0.161747E-08   0.367499E-11
   472   0.512493E-09   0.442788E-11   0.237134E-10   0.160564E-08   0.359746E-11
   473   0.507626E-09   0.444598E-11   0.233951E-10   0.159386E-08   0.352232E-11
   474   0.502784E-09   0.446404E-11   0.230753E-10   0.158211E-08   0.344946E-11
   475   0.497965E-09   0.448210E-11   0.227545E-10   0.157041E-08   0.337880E-11
   476   0.493168E-09   0.450017E-11   0.224327E-10   0.155874E-08   0.331027E-11
   477   0.488390E-09   0.451826E-11   0.221101E-10   0.154711E-08   0.324377E-11
   478   0.483630E-09   0.453640E-11   0.217870E-10   0.153551E-08   0.317922E-11
   479   0.478889E-09   0.455462E-11   0.214633E-10   0.152395E-08   0.311654E-11
   480   0.474161E-09   0.457293E-11   0.211395E-10   0.151242E-08   0.305564E-11
   481   0.469447E-09   0.459134E-11   0.208155E-10   0.150092E-08   0.299643E-11
   482   0.464743E-09   0.460989E-11   0.204917E-10   0.148945E-08   0.293884E-11
   483   0.460047E-09   0.462857E-11   0.201681E-10   0.147801E-08   0.288277E-11
   484   0.455358E-09   0.464743E-11   0.198450E-10   0.146660E-08   0.282814E-11
   485   0.450672E-09   0.466648E-11   0.195225E-10   0.145520E-08   0.277487E-11
   486   0.445989E-09   0.468573E-11   0.192008E-10   0.144384E-08   0.272287E-11
   487   0.441305E-09   0.470519E-11   0.188800E-10   0.143249E-08   0.267206E-11
   488   0.436619E-09   0.472491E-11   0.185604E-10   0.142116E-08   0.262235E-11
   489   0.431930E-09   0.474488E-11   0.182420E-10   0.140985E-08   0.257366E-11
   490   0.427236E-09   0.476513E-11   0.179250E-10   0.139856E-08   0.252590E-11
   491   0.422535E-09   0.478569E-11   0.176097E-10   0.138728E-08   0.247899E-11
   492   0.417826E-09   0.480655E-11   0.172960E-10   0.137602E-08   0.243285E-11
   493   0.413108E-09   0.482775E-11   0.169843E-10   0.136477E-08   0.238738E-11
   494   0.408378E-09   0.484930E-11   0.166746E-10   0.135353E-08   0.234250E-11
   495   0.403636E-09   0.487123E-11   0.163670E-10   0.134230E-08   0.229814E-11
   496   0.398879E-09   0.489354E-11   0.160618E-10   0.133107E-08   0.225420E-11
   497   0.394104E-09   0.491626E-11   0.157591E-10   0.131986E-08   0.221059E-11
   498   0.389311E-09   0.493939E-11   0.154590E-10   0.130864E-08   0.216725E-11
   499   0.384498E-09   0.496297E-11   0.151617E-10   0.129743E-08   0.212407E-11
   500   0.379661E-09   0.498701E-11   0.148674E-10   0.128623E-08   0.208097E-11
