#    L    TT             EE             BB             TE          
     2   0.271716E-09   0.626070E-13  -0.236215E-19   0.105825E-11
     3   0.223946E-09   0.650720E-13  -0.468056E-19   0.131159E-11
     4   0.188881E-09   0.444248E-13  -0.770409E-19   0.120910E-11
     5   0.164827E-09   0.231877E-13  -0.113754E-18   0.940205E-12
     6   0.148326E-09   0.106349E-13  -0.156237E-18   0.647487E-12
     7   0.137350E-09   0.553975E-14  -0.203652E-18   0.415036E-12
     8   0.129932E-09   0.393046E-14  -0.255038E-18   0.266050E-12
     9   0.124498E-09   0.328632E-14  -0.309321E-18   0.192553E-12
    10   0.121206E-09   0.281062E-14  -0.365318E-18   0.169456E-12
    11   0.119140E-09   0.243176E-14  -0.421750E-18   0.168090E-12
    12   0.117696E-09   0.211612E-14  -0.477250E-18   0.173435E-12
    13   0.117220E-09   0.177776E-14  -0.530377E-18   0.175818E-12
    14   0.117489E-09   0.141101E-14  -0.579623E-18   0.166241E-12
    15   0.118112E-09   0.109581E-14  -0.623430E-18   0.146972E-12
    16   0.119141E-09   0.887497E-15  -0.660201E-18   0.128339E-12
    17   0.120569E-09   0.786219E-15  -0.688312E-18   0.115718E-12
    18   0.122296E-09   0.778512E-15  -0.706128E-18   0.112170E-12
    19   0.124421E-09   0.844494E-15  -0.712016E-18   0.117378E-12
    20   0.126706E-09   0.952050E-15  -0.704358E-18   0.127970E-12
    21   0.129203E-09   0.103736E-14  -0.681568E-18   0.138052E-12
    22   0.131874E-09   0.105358E-14  -0.642104E-18   0.142166E-12
    23   0.134652E-09   0.104374E-14  -0.584483E-18   0.142291E-12
    24   0.137576E-09   0.106334E-14  -0.507294E-18   0.141985E-12
    25   0.140678E-09   0.112369E-14  -0.409214E-18   0.143086E-12
    26   0.143899E-09   0.122097E-14  -0.289020E-18   0.147477E-12
    27   0.147265E-09   0.133174E-14  -0.145602E-18   0.151814E-12
    28   0.150728E-09   0.143242E-14   0.220249E-19   0.151806E-12
    29   0.154308E-09   0.153194E-14   0.214709E-18   0.148546E-12
    30   0.158056E-09   0.164665E-14   0.433149E-18   0.142615E-12
    31   0.161833E-09   0.178892E-14   0.677887E-18   0.137128E-12
    32   0.165696E-09   0.196968E-14   0.949297E-18   0.132732E-12
    33   0.169620E-09   0.217558E-14   0.124757E-17   0.129033E-12
    34   0.173655E-09   0.240016E-14   0.157274E-17   0.125498E-12
    35   0.177855E-09   0.264333E-14   0.192460E-17   0.119791E-12
    36   0.182066E-09   0.290819E-14   0.230281E-17   0.112378E-12
    37   0.186354E-09   0.318946E-14   0.270678E-17   0.102729E-12
    38   0.190741E-09   0.347808E-14   0.313575E-17   0.916591E-13
    39   0.195216E-09   0.377793E-14   0.358874E-17   0.796768E-13
    40   0.199771E-09   0.409649E-14   0.406457E-17   0.670773E-13
    41   0.204394E-09   0.443992E-14   0.456187E-17   0.541045E-13
    42   0.209080E-09   0.480912E-14   0.507906E-17   0.407889E-13
    43   0.213823E-09   0.520361E-14   0.561436E-17   0.270539E-13
    44   0.218622E-09   0.562265E-14   0.616581E-17   0.126066E-13
    45   0.223477E-09   0.606510E-14   0.673126E-17  -0.288641E-14
    46   0.228379E-09   0.652979E-14   0.730837E-17  -0.196573E-13
    47   0.233326E-09   0.701692E-14   0.789466E-17  -0.377817E-13
    48   0.238320E-09   0.752616E-14   0.848748E-17  -0.572984E-13
    49   0.243364E-09   0.805703E-14   0.908402E-17  -0.782364E-13
    50   0.248467E-09   0.861060E-14   0.968136E-17  -0.100606E-12
    51   0.253642E-09   0.918799E-14   0.102764E-16  -0.124393E-12
    52   0.258879E-09   0.979015E-14   0.108661E-16  -0.149514E-12
    53   0.264165E-09   0.104175E-13   0.114471E-16  -0.175896E-12
    54   0.269494E-09   0.110706E-13   0.120162E-16  -0.203582E-12
    55   0.274862E-09   0.117502E-13   0.125699E-16  -0.232665E-12
    56   0.280281E-09   0.124561E-13   0.131049E-16  -0.263311E-12
    57   0.285758E-09   0.131880E-13   0.136176E-16  -0.295635E-12
    58   0.291282E-09   0.139461E-13   0.141048E-16  -0.329647E-12
    59   0.296835E-09   0.147306E-13   0.145630E-16  -0.365320E-12
    60   0.302409E-09   0.155405E-13   0.149888E-16  -0.402570E-12
    61   0.308001E-09   0.163753E-13   0.153789E-16  -0.441322E-12
    62   0.313617E-09   0.172351E-13   0.157302E-16  -0.481592E-12
    63   0.319269E-09   0.181202E-13   0.160394E-16  -0.523419E-12
    64   0.324965E-09   0.190310E-13   0.163036E-16  -0.566842E-12
    65   0.330719E-09   0.199679E-13   0.165200E-16  -0.611906E-12
    66   0.336540E-09   0.209308E-13   0.166859E-16  -0.658662E-12
    67   0.342424E-09   0.219201E-13   0.167987E-16  -0.707059E-12
    68   0.348362E-09   0.229359E-13   0.168561E-16  -0.757022E-12
    69   0.354344E-09   0.239786E-13   0.168561E-16  -0.808480E-12
    70   0.360360E-09   0.250488E-13   0.167968E-16  -0.861387E-12
    71   0.366404E-09   0.261470E-13   0.166766E-16  -0.915729E-12
    72   0.372483E-09   0.272737E-13   0.164942E-16  -0.971590E-12
    73   0.378605E-09   0.284287E-13   0.162484E-16  -0.102905E-11
    74   0.384761E-09   0.296113E-13   0.159387E-16  -0.108805E-11
    75   0.390946E-09   0.308205E-13   0.155644E-16  -0.114847E-11
    76   0.397148E-09   0.320551E-13   0.151255E-16  -0.121022E-11
    77   0.403357E-09   0.333145E-13   0.146221E-16  -0.127316E-11
    78   0.409580E-09   0.345979E-13   0.140548E-16  -0.133731E-11
    79   0.415833E-09   0.359044E-13   0.134244E-16  -0.140273E-11
    80   0.422129E-09   0.372335E-13   0.127321E-16  -0.146951E-11
    81   0.428479E-09   0.385844E-13   0.119794E-16  -0.153769E-11
    82   0.434886E-09   0.399575E-13   0.111683E-16  -0.160727E-11
    83   0.441345E-09   0.413530E-13   0.103009E-16  -0.167827E-11
    84   0.447858E-09   0.427710E-13   0.937977E-17  -0.175068E-11
    85   0.454422E-09   0.442118E-13   0.840783E-17  -0.182452E-11
    86   0.461035E-09   0.456757E-13   0.738829E-17  -0.189976E-11
    87   0.467689E-09   0.471621E-13   0.632467E-17  -0.197634E-11
    88   0.474374E-09   0.486704E-13   0.522081E-17  -0.205419E-11
    89   0.481088E-09   0.501998E-13   0.408084E-17  -0.213324E-11
    90   0.487825E-09   0.517491E-13   0.290916E-17  -0.221347E-11
    91   0.494580E-09   0.533176E-13   0.171044E-17  -0.229479E-11
    92   0.501355E-09   0.549043E-13   0.489599E-18  -0.237721E-11
    93   0.508152E-09   0.565083E-13  -0.748230E-18  -0.246071E-11
    94   0.514970E-09   0.581291E-13  -0.199770E-17  -0.254527E-11
    95   0.521813E-09   0.597657E-13  -0.325329E-17  -0.263088E-11
    96   0.528680E-09   0.614173E-13  -0.450932E-17  -0.271751E-11
    97   0.535571E-09   0.630829E-13  -0.575997E-17  -0.280513E-11
    98   0.542489E-09   0.647616E-13  -0.699932E-17  -0.289373E-11
    99   0.549431E-09   0.664526E-13  -0.822137E-17  -0.298326E-11
   100   0.556400E-09   0.681555E-13  -0.942007E-17  -0.307371E-11
   101   0.563396E-09   0.698692E-13  -0.105893E-16  -0.316502E-11
   102   0.570419E-09   0.715919E-13  -0.117231E-16  -0.325721E-11
   103   0.577469E-09   0.733248E-13  -0.128154E-16  -0.335020E-11
   104   0.584545E-09   0.750648E-13  -0.138602E-16  -0.344397E-11
   105   0.591648E-09   0.768122E-13  -0.148517E-16  -0.353848E-11
   106   0.598777E-09   0.785660E-13  -0.157841E-16  -0.363369E-11
   107   0.605932E-09   0.803262E-13  -0.166518E-16  -0.372955E-11
   108   0.613112E-09   0.820911E-13  -0.174496E-16  -0.382605E-11
   109   0.620318E-09   0.838607E-13  -0.181723E-16  -0.392311E-11
   110   0.627550E-09   0.856331E-13  -0.188149E-16  -0.402072E-11
   111   0.634807E-09   0.874082E-13  -0.193729E-16  -0.411884E-11
   112   0.642088E-09   0.891856E-13  -0.198419E-16  -0.421741E-11
   113   0.649395E-09   0.909624E-13  -0.202180E-16  -0.431639E-11
   114   0.656725E-09   0.927372E-13  -0.204976E-16  -0.441572E-11
   115   0.664079E-09   0.945101E-13  -0.206775E-16  -0.451536E-11
   116   0.671457E-09   0.962795E-13  -0.207549E-16  -0.461527E-11
   117   0.678858E-09   0.980428E-13  -0.207274E-16  -0.471539E-11
   118   0.686280E-09   0.998001E-13  -0.205932E-16  -0.481566E-11
   119   0.693724E-09   0.101550E-12  -0.203507E-16  -0.491606E-11
   120   0.701189E-09   0.103292E-12  -0.199991E-16  -0.501652E-11
   121   0.708674E-09   0.105023E-12  -0.195379E-16  -0.511701E-11
   122   0.716179E-09   0.106744E-12  -0.189673E-16  -0.521747E-11
   123   0.723702E-09   0.108454E-12  -0.182877E-16  -0.531785E-11
   124   0.731244E-09   0.110151E-12  -0.175004E-16  -0.541811E-11
   125   0.738803E-09   0.111835E-12  -0.166071E-16  -0.551821E-11
   126   0.746380E-09   0.113505E-12  -0.156099E-16  -0.561811E-11
   127   0.753972E-09   0.115161E-12  -0.145117E-16  -0.571774E-11
   128   0.761579E-09   0.116801E-12  -0.133156E-16  -0.581708E-11
   129   0.769201E-09   0.118426E-12  -0.120257E-16  -0.591608E-11
   130   0.776837E-09   0.120034E-12  -0.106462E-16  -0.601469E-11
   131   0.784485E-09   0.121624E-12  -0.918204E-17  -0.611287E-11
   132   0.792147E-09   0.123197E-12  -0.763859E-17  -0.621057E-11
   133   0.799820E-09   0.124749E-12  -0.602172E-17  -0.630772E-11
   134   0.807504E-09   0.126281E-12  -0.433778E-17  -0.640426E-11
   135   0.815198E-09   0.127789E-12  -0.259356E-17  -0.650015E-11
   136   0.822904E-09   0.129272E-12  -0.796267E-18  -0.659532E-11
   137   0.830618E-09   0.130729E-12   0.104648E-17  -0.668970E-11
   138   0.838341E-09   0.132160E-12   0.292669E-17  -0.678326E-11
   139   0.846071E-09   0.133562E-12   0.483605E-17  -0.687595E-11
   140   0.853811E-09   0.134934E-12   0.676593E-17  -0.696771E-11
   141   0.861556E-09   0.136277E-12   0.870741E-17  -0.705851E-11
   142   0.869307E-09   0.137589E-12   0.106514E-16  -0.714827E-11
   143   0.877065E-09   0.138869E-12   0.125884E-16  -0.723696E-11
   144   0.884826E-09   0.140117E-12   0.145091E-16  -0.732454E-11
   145   0.892592E-09   0.141330E-12   0.164038E-16  -0.741094E-11
   146   0.900359E-09   0.142511E-12   0.182628E-16  -0.749614E-11
   147   0.908126E-09   0.143658E-12   0.200764E-16  -0.758007E-11
   148   0.915893E-09   0.144771E-12   0.218348E-16  -0.766268E-11
   149   0.923656E-09   0.145849E-12   0.235285E-16  -0.774394E-11
   150   0.931416E-09   0.146893E-12   0.251478E-16  -0.782379E-11
   151   0.939169E-09   0.147902E-12   0.266833E-16  -0.790219E-11
   152   0.946917E-09   0.148875E-12   0.281259E-16  -0.797908E-11
   153   0.954658E-09   0.149811E-12   0.294666E-16  -0.805439E-11
   154   0.962392E-09   0.150710E-12   0.306966E-16  -0.812807E-11
   155   0.970117E-09   0.151569E-12   0.318077E-16  -0.820005E-11
   156   0.977836E-09   0.152388E-12   0.327918E-16  -0.827028E-11
   157   0.985545E-09   0.153165E-12   0.336413E-16  -0.833869E-11
   158   0.993246E-09   0.153901E-12   0.343493E-16  -0.840523E-11
   159   0.100094E-08   0.154593E-12   0.349090E-16  -0.846983E-11
   160   0.100861E-08   0.155243E-12   0.353145E-16  -0.853246E-11
   161   0.101628E-08   0.155849E-12   0.355601E-16  -0.859303E-11
   162   0.102393E-08   0.156411E-12   0.356412E-16  -0.865153E-11
   163   0.103156E-08   0.156930E-12   0.355533E-16  -0.870786E-11
   164   0.103918E-08   0.157404E-12   0.352930E-16  -0.876200E-11
   165   0.104677E-08   0.157833E-12   0.348574E-16  -0.881389E-11
   166   0.105435E-08   0.158218E-12   0.342444E-16  -0.886348E-11
   167   0.106190E-08   0.158558E-12   0.334526E-16  -0.891073E-11
   168   0.106943E-08   0.158855E-12   0.324814E-16  -0.895563E-11
   169   0.107694E-08   0.159109E-12   0.313309E-16  -0.899812E-11
   170   0.108443E-08   0.159318E-12   0.300022E-16  -0.903817E-11
   171   0.109189E-08   0.159486E-12   0.284970E-16  -0.907574E-11
   172   0.109932E-08   0.159611E-12   0.268179E-16  -0.911080E-11
   173   0.110672E-08   0.159695E-12   0.249682E-16  -0.914332E-11
   174   0.111410E-08   0.159738E-12   0.229523E-16  -0.917327E-11
   175   0.112145E-08   0.159742E-12   0.207751E-16  -0.920065E-11
   176   0.112877E-08   0.159706E-12   0.184424E-16  -0.922540E-11
   177   0.113606E-08   0.159632E-12   0.159609E-16  -0.924749E-11
   178   0.114331E-08   0.159518E-12   0.133379E-16  -0.926685E-11
   179   0.115053E-08   0.159363E-12   0.105815E-16  -0.928343E-11
   180   0.115772E-08   0.159168E-12   0.770053E-17  -0.929719E-11
   181   0.116488E-08   0.158932E-12   0.470457E-17  -0.930809E-11
   182   0.117199E-08   0.158656E-12   0.160380E-17  -0.931608E-11
   183   0.117908E-08   0.158338E-12  -0.159095E-17  -0.932112E-11
   184   0.118612E-08   0.157978E-12  -0.486827E-17  -0.932318E-11
   185   0.119313E-08   0.157578E-12  -0.821620E-17  -0.932220E-11
   186   0.120010E-08   0.157137E-12  -0.116222E-16  -0.931816E-11
   187   0.120703E-08   0.156653E-12  -0.150735E-16  -0.931102E-11
   188   0.121392E-08   0.156129E-12  -0.185566E-16  -0.930076E-11
   189   0.122077E-08   0.155564E-12  -0.220579E-16  -0.928733E-11
   190   0.122758E-08   0.154959E-12  -0.255634E-16  -0.927072E-11
   191   0.123435E-08   0.154313E-12  -0.290588E-16  -0.925092E-11
   192   0.124108E-08   0.153628E-12  -0.325297E-16  -0.922786E-11
   193   0.124776E-08   0.152902E-12  -0.359617E-16  -0.920153E-11
   194   0.125439E-08   0.152137E-12  -0.393400E-16  -0.917194E-11
   195   0.126099E-08   0.151334E-12  -0.426502E-16  -0.913905E-11
   196   0.126753E-08   0.150492E-12  -0.458778E-16  -0.910287E-11
   197   0.127404E-08   0.149613E-12  -0.490082E-16  -0.906338E-11
   198   0.128050E-08   0.148697E-12  -0.520275E-16  -0.902056E-11
   199   0.128691E-08   0.147744E-12  -0.549217E-16  -0.897440E-11
   200   0.129328E-08   0.146756E-12  -0.576772E-16  -0.892491E-11
   201   0.129960E-08   0.145732E-12  -0.602808E-16  -0.887205E-11
   202   0.130587E-08   0.144676E-12  -0.627200E-16  -0.881584E-11
   203   0.131209E-08   0.143591E-12  -0.649826E-16  -0.875620E-11
   204   0.131826E-08   0.142479E-12  -0.670569E-16  -0.869314E-11
   205   0.132437E-08   0.141343E-12  -0.689322E-16  -0.862661E-11
   206   0.133043E-08   0.140186E-12  -0.705981E-16  -0.855660E-11
   207   0.133642E-08   0.139012E-12  -0.720454E-16  -0.848307E-11
   208   0.134235E-08   0.137822E-12  -0.732654E-16  -0.840600E-11
   209   0.134822E-08   0.136620E-12  -0.742504E-16  -0.832540E-11
   210   0.135403E-08   0.135409E-12  -0.749937E-16  -0.824125E-11
   211   0.135978E-08   0.134191E-12  -0.754895E-16  -0.815354E-11
   212   0.136546E-08   0.132970E-12  -0.757330E-16  -0.806226E-11
   213   0.137108E-08   0.131748E-12  -0.757204E-16  -0.796740E-11
   214   0.137664E-08   0.130528E-12  -0.754491E-16  -0.786896E-11
   215   0.138214E-08   0.129313E-12  -0.749177E-16  -0.776692E-11
   216   0.138757E-08   0.128105E-12  -0.741256E-16  -0.766128E-11
   217   0.139293E-08   0.126908E-12  -0.730738E-16  -0.755205E-11
   218   0.139822E-08   0.125723E-12  -0.717641E-16  -0.743920E-11
   219   0.140344E-08   0.124554E-12  -0.701998E-16  -0.732274E-11
   220   0.140859E-08   0.123403E-12  -0.683852E-16  -0.720265E-11
   221   0.141366E-08   0.122272E-12  -0.663258E-16  -0.707896E-11
   222   0.141866E-08   0.121165E-12  -0.640284E-16  -0.695163E-11
   223   0.142358E-08   0.120082E-12  -0.615009E-16  -0.682070E-11
   224   0.142843E-08   0.119027E-12  -0.587525E-16  -0.668614E-11
   225   0.143320E-08   0.118001E-12  -0.557933E-16  -0.654798E-11
   226   0.143789E-08   0.117007E-12  -0.526348E-16  -0.640621E-11
   227   0.144250E-08   0.116048E-12  -0.492894E-16  -0.626084E-11
   228   0.144703E-08   0.115124E-12  -0.457707E-16  -0.611188E-11
   229   0.145148E-08   0.114239E-12  -0.420931E-16  -0.595933E-11
   230   0.145585E-08   0.113394E-12  -0.382723E-16  -0.580319E-11
   231   0.146013E-08   0.112590E-12  -0.343246E-16  -0.564348E-11
   232   0.146434E-08   0.111829E-12  -0.302674E-16  -0.548021E-11
   233   0.146845E-08   0.111113E-12  -0.261187E-16  -0.531338E-11
   234   0.147249E-08   0.110444E-12  -0.218974E-16  -0.514302E-11
   235   0.147644E-08   0.109822E-12  -0.176230E-16  -0.496912E-11
   236   0.148030E-08   0.109252E-12  -0.133156E-16  -0.479170E-11
   237   0.148407E-08   0.108730E-12  -0.899586E-17  -0.461078E-11
   238   0.148776E-08   0.108260E-12  -0.468480E-17  -0.442636E-11
   239   0.149136E-08   0.107841E-12  -0.403870E-18  -0.423845E-11
   240   0.149487E-08   0.107477E-12   0.382525E-17  -0.404709E-11
   241   0.149829E-08   0.107167E-12   0.798068E-17  -0.385227E-11
   242   0.150162E-08   0.106911E-12   0.120405E-16  -0.365402E-11
   243   0.150486E-08   0.106711E-12   0.159826E-16  -0.345235E-11
   244   0.150801E-08   0.106566E-12   0.197853E-16  -0.324726E-11
   245   0.151108E-08   0.106478E-12   0.234269E-16  -0.303877E-11
   246   0.151405E-08   0.106445E-12   0.268859E-16  -0.282689E-11
   247   0.151693E-08   0.106469E-12   0.301413E-16  -0.261163E-11
   248   0.151972E-08   0.106549E-12   0.331728E-16  -0.239301E-11
   249   0.152241E-08   0.106684E-12   0.359602E-16  -0.217103E-11
   250   0.152502E-08   0.106877E-12   0.384843E-16  -0.194572E-11
   251   0.152753E-08   0.107124E-12   0.407266E-16  -0.171711E-11
   252   0.152995E-08   0.107433E-12   0.426695E-16  -0.148527E-11
   253   0.153227E-08   0.107812E-12   0.442962E-16  -0.125028E-11
   254   0.153451E-08   0.108267E-12   0.455911E-16  -0.101222E-11
   255   0.153664E-08   0.108806E-12   0.465395E-16  -0.771173E-12
   256   0.153868E-08   0.109436E-12   0.471281E-16  -0.527215E-12
   257   0.154061E-08   0.110164E-12   0.473448E-16  -0.280402E-12
   258   0.154246E-08   0.110995E-12   0.471787E-16  -0.308484E-13
   259   0.154421E-08   0.111937E-12   0.466206E-16   0.221531E-12
   260   0.154586E-08   0.112997E-12   0.456626E-16   0.476461E-12
   261   0.154742E-08   0.114180E-12   0.442982E-16   0.734067E-12
   262   0.154888E-08   0.115494E-12   0.425227E-16   0.994175E-12
   263   0.155025E-08   0.116943E-12   0.403329E-16   0.125681E-11
   264   0.155152E-08   0.118535E-12   0.377274E-16   0.152179E-11
   265   0.155270E-08   0.120273E-12   0.347062E-16   0.178925E-11
   266   0.155378E-08   0.122163E-12   0.312714E-16   0.205892E-11
   267   0.155476E-08   0.124209E-12   0.274266E-16   0.233070E-11
   268   0.155565E-08   0.126417E-12   0.231772E-16   0.260474E-11
   269   0.155644E-08   0.128792E-12   0.185303E-16   0.288075E-11
   270   0.155714E-08   0.131337E-12   0.134949E-16   0.315886E-11
   271   0.155773E-08   0.134059E-12   0.808158E-17   0.343880E-11
   272   0.155823E-08   0.136961E-12   0.230282E-17   0.372068E-11
   273   0.155863E-08   0.140045E-12  -0.382733E-17   0.400433E-11
   274   0.155893E-08   0.143317E-12  -0.102931E-16   0.428988E-11
   275   0.155914E-08   0.146780E-12  -0.170772E-16   0.457705E-11
   276   0.155925E-08   0.150438E-12  -0.241606E-16   0.486597E-11
   277   0.155926E-08   0.154294E-12  -0.315229E-16   0.515645E-11
   278   0.155917E-08   0.158353E-12  -0.391421E-16   0.544842E-11
   279   0.155899E-08   0.162614E-12  -0.469949E-16   0.574201E-11
   280   0.155871E-08   0.167081E-12  -0.550568E-16   0.603703E-11
   281   0.155834E-08   0.171758E-12  -0.633019E-16   0.633352E-11
   282   0.155786E-08   0.176646E-12  -0.717032E-16   0.663139E-11
   283   0.155730E-08   0.181746E-12  -0.802329E-16   0.693058E-11
   284   0.155663E-08   0.187063E-12  -0.888619E-16   0.723099E-11
   285   0.155587E-08   0.192597E-12  -0.975606E-16   0.753267E-11
   286   0.155501E-08   0.198350E-12  -0.106299E-15   0.783562E-11
   287   0.155406E-08   0.204322E-12  -0.115045E-15   0.813977E-11
   288   0.155301E-08   0.210516E-12  -0.123768E-15   0.844495E-11
   289   0.155187E-08   0.216933E-12  -0.132436E-15   0.875139E-11
   290   0.155063E-08   0.223573E-12  -0.141018E-15   0.905879E-11
   291   0.154929E-08   0.230439E-12  -0.149480E-15   0.936729E-11
   292   0.154786E-08   0.237521E-12  -0.157792E-15   0.967681E-11
   293   0.154634E-08   0.244833E-12  -0.165922E-15   0.998737E-11
   294   0.154471E-08   0.252373E-12  -0.173838E-15   0.102988E-10
   295   0.154300E-08   0.260126E-12  -0.181510E-15   0.106112E-10
   296   0.154119E-08   0.268109E-12  -0.188907E-15   0.109245E-10
   297   0.153928E-08   0.276308E-12  -0.196001E-15   0.112386E-10
   298   0.153727E-08   0.284728E-12  -0.202763E-15   0.115535E-10
   299   0.153517E-08   0.293367E-12  -0.209166E-15   0.118694E-10
   300   0.153298E-08   0.302220E-12  -0.215183E-15   0.121860E-10
   301   0.153069E-08   0.311303E-12  -0.220791E-15   0.125034E-10
   302   0.152831E-08   0.320597E-12  -0.225967E-15   0.128216E-10
   303   0.152584E-08   0.330122E-12  -0.230688E-15   0.131404E-10
   304   0.152327E-08   0.339877E-12  -0.234936E-15   0.134597E-10
   305   0.152062E-08   0.349863E-12  -0.238693E-15   0.137793E-10
   306   0.151787E-08   0.360090E-12  -0.241943E-15   0.140992E-10
   307   0.151504E-08   0.370548E-12  -0.244672E-15   0.144193E-10
   308   0.151213E-08   0.381247E-12  -0.246870E-15   0.147393E-10
   309   0.150912E-08   0.392187E-12  -0.248527E-15   0.150593E-10
   310   0.150604E-08   0.403358E-12  -0.249637E-15   0.153791E-10
   311   0.150286E-08   0.414781E-12  -0.250196E-15   0.156985E-10
   312   0.149961E-08   0.426445E-12  -0.250203E-15   0.160175E-10
   313   0.149627E-08   0.438361E-12  -0.249659E-15   0.163359E-10
   314   0.149285E-08   0.450518E-12  -0.248568E-15   0.166537E-10
   315   0.148935E-08   0.462917E-12  -0.246936E-15   0.169708E-10
   316   0.148578E-08   0.475578E-12  -0.244774E-15   0.172869E-10
   317   0.148212E-08   0.488481E-12  -0.242094E-15   0.176022E-10
   318   0.147839E-08   0.501636E-12  -0.238910E-15   0.179165E-10
   319   0.147458E-08   0.515043E-12  -0.235242E-15   0.182296E-10
   320   0.147070E-08   0.528713E-12  -0.231110E-15   0.185416E-10
   321   0.146674E-08   0.542635E-12  -0.226538E-15   0.188523E-10
   322   0.146270E-08   0.556810E-12  -0.221553E-15   0.191616E-10
   323   0.145860E-08   0.571238E-12  -0.216182E-15   0.194695E-10
   324   0.145442E-08   0.585919E-12  -0.210460E-15   0.197759E-10
   325   0.145017E-08   0.600863E-12  -0.204420E-15   0.200807E-10
   326   0.144586E-08   0.616071E-12  -0.198099E-15   0.203838E-10
   327   0.144147E-08   0.631533E-12  -0.191537E-15   0.206851E-10
   328   0.143701E-08   0.647249E-12  -0.184776E-15   0.209846E-10
   329   0.143249E-08   0.663229E-12  -0.177861E-15   0.212824E-10
   330   0.142790E-08   0.679464E-12  -0.170836E-15   0.215782E-10
   331   0.142324E-08   0.695964E-12  -0.163752E-15   0.218720E-10
   332   0.141852E-08   0.712729E-12  -0.156657E-15   0.221636E-10
   333   0.141373E-08   0.729750E-12  -0.149604E-15   0.224533E-10
   334   0.140888E-08   0.747037E-12  -0.142646E-15   0.227407E-10
   335   0.140396E-08   0.764581E-12  -0.135838E-15   0.230260E-10
   336   0.139899E-08   0.782391E-12  -0.129235E-15   0.233090E-10
   337   0.139395E-08   0.800469E-12  -0.122895E-15   0.235898E-10
   338   0.138885E-08   0.818815E-12  -0.116874E-15   0.238682E-10
   339   0.138369E-08   0.837429E-12  -0.111232E-15   0.241443E-10
   340   0.137846E-08   0.856322E-12  -0.106026E-15   0.244180E-10
   341   0.137318E-08   0.875474E-12  -0.101315E-15   0.246893E-10
   342   0.136784E-08   0.894896E-12  -0.971580E-16   0.249580E-10
   343   0.136245E-08   0.914589E-12  -0.936125E-16   0.252243E-10
   344   0.135699E-08   0.934543E-12  -0.907364E-16   0.254879E-10
   345   0.135147E-08   0.954768E-12  -0.885864E-16   0.257488E-10
   346   0.134590E-08   0.975256E-12  -0.872183E-16   0.260070E-10
   347   0.134027E-08   0.996017E-12  -0.866866E-16   0.262624E-10
   348   0.133458E-08   0.101703E-11  -0.870443E-16   0.265150E-10
   349   0.132883E-08   0.103833E-11  -0.883425E-16   0.267649E-10
   350   0.132303E-08   0.105990E-11  -0.906306E-16   0.270121E-10
   351   0.131717E-08   0.108176E-11  -0.939553E-16   0.272564E-10
   352   0.131127E-08   0.110390E-11  -0.983613E-16   0.274980E-10
   353   0.130530E-08   0.112631E-11  -0.103890E-15   0.277366E-10
   354   0.129929E-08   0.114900E-11  -0.110581E-15   0.279725E-10
   355   0.129323E-08   0.117195E-11  -0.118470E-15   0.282053E-10
   356   0.128712E-08   0.119517E-11  -0.127589E-15   0.284351E-10
   357   0.128096E-08   0.121865E-11  -0.137966E-15   0.286617E-10
   358   0.127476E-08   0.124238E-11  -0.149628E-15   0.288851E-10
   359   0.126851E-08   0.126634E-11  -0.162594E-15   0.291052E-10
   360   0.126221E-08   0.129055E-11  -0.176883E-15   0.293220E-10
   361   0.125588E-08   0.131500E-11  -0.192506E-15   0.295353E-10
   362   0.124950E-08   0.133967E-11  -0.209472E-15   0.297451E-10
   363   0.124308E-08   0.136457E-11  -0.227785E-15   0.299513E-10
   364   0.123662E-08   0.138969E-11  -0.247442E-15   0.301539E-10
   365   0.123012E-08   0.141504E-11  -0.268440E-15   0.303529E-10
   366   0.122358E-08   0.144060E-11  -0.290766E-15   0.305482E-10
   367   0.121701E-08   0.146638E-11  -0.314404E-15   0.307397E-10
   368   0.121040E-08   0.149237E-11  -0.339334E-15   0.309274E-10
   369   0.120376E-08   0.151858E-11  -0.365528E-15   0.311113E-10
   370   0.119708E-08   0.154498E-11  -0.392957E-15   0.312913E-10
   371   0.119037E-08   0.157161E-11  -0.421582E-15   0.314674E-10
   372   0.118362E-08   0.159842E-11  -0.451362E-15   0.316395E-10
   373   0.117685E-08   0.162545E-11  -0.482250E-15   0.318075E-10
   374   0.117004E-08   0.165269E-11  -0.514193E-15   0.319714E-10
   375   0.116321E-08   0.168012E-11  -0.547133E-15   0.321312E-10
   376   0.115634E-08   0.170775E-11  -0.581007E-15   0.322868E-10
   377   0.114945E-08   0.173558E-11  -0.615748E-15   0.324381E-10
   378   0.114253E-08   0.176360E-11  -0.651283E-15   0.325851E-10
   379   0.113558E-08   0.179180E-11  -0.687533E-15   0.327278E-10
   380   0.112860E-08   0.182019E-11  -0.724417E-15   0.328660E-10
   381   0.112160E-08   0.184878E-11  -0.761848E-15   0.329997E-10
   382   0.111458E-08   0.187753E-11  -0.799733E-15   0.331289E-10
   383   0.110753E-08   0.190648E-11  -0.837977E-15   0.332536E-10
   384   0.110045E-08   0.193561E-11  -0.876481E-15   0.333736E-10
   385   0.109335E-08   0.196493E-11  -0.915141E-15   0.334890E-10
   386   0.108623E-08   0.199444E-11  -0.953849E-15   0.335997E-10
   387   0.107909E-08   0.202415E-11  -0.992496E-15   0.337056E-10
   388   0.107193E-08   0.205407E-11  -0.103097E-14   0.338068E-10
   389   0.106474E-08   0.208419E-11  -0.106914E-14   0.339031E-10
   390   0.105753E-08   0.211451E-11  -0.110691E-14   0.339946E-10
   391   0.105030E-08   0.214503E-11  -0.114415E-14   0.340811E-10
   392   0.104305E-08   0.217576E-11  -0.118072E-14   0.341627E-10
   393   0.103579E-08   0.220670E-11  -0.121652E-14   0.342392E-10
   394   0.102850E-08   0.223784E-11  -0.125141E-14   0.343107E-10
   395   0.102119E-08   0.226919E-11  -0.128526E-14   0.343771E-10
   396   0.101386E-08   0.230075E-11  -0.131796E-14   0.344383E-10
   397   0.100651E-08   0.233252E-11  -0.134936E-14   0.344943E-10
   398   0.999141E-09   0.236451E-11  -0.137933E-14   0.345450E-10
   399   0.991754E-09   0.239672E-11  -0.140777E-14   0.345904E-10
   400   0.984350E-09   0.242915E-11  -0.143452E-14   0.346305E-10
