#    L    TxT            TxE            TxP            ExT            ExE            ExP            PxT            PxE            PxP         
     2   0.271716E-09   0.105825E-11   0.199858E-08   0.105825E-11   0.626070E-13  -0.164939E-10   0.199858E-08  -0.164939E-10   0.315228E-07
     3   0.223946E-09   0.131159E-11   0.188952E-08   0.131159E-11   0.650720E-13  -0.155317E-10   0.188952E-08  -0.155317E-10   0.380600E-07
     4   0.188881E-09   0.120910E-11   0.176156E-08   0.120910E-11   0.444249E-13  -0.106714E-10   0.176156E-08  -0.106714E-10   0.433906E-07
     5   0.164827E-09   0.940205E-12   0.163380E-08   0.940205E-12   0.231878E-13  -0.498151E-11   0.163380E-08  -0.498151E-11   0.477807E-07
     6   0.148325E-09   0.647487E-12   0.151623E-08   0.647487E-12   0.106351E-13  -0.355991E-12   0.151623E-08  -0.355991E-12   0.514033E-07
     7   0.137349E-09   0.415036E-12   0.141236E-08   0.415036E-12   0.553996E-14   0.240365E-11   0.141236E-08   0.240365E-11   0.544094E-07
     8   0.129930E-09   0.266051E-12   0.132044E-08   0.266051E-12   0.393072E-14   0.329407E-11   0.132044E-08   0.329407E-11   0.569070E-07
     9   0.124497E-09   0.192554E-12   0.123778E-08   0.192554E-12   0.328663E-14   0.274404E-11   0.123778E-08   0.274404E-11   0.589836E-07
    10   0.121204E-09   0.169457E-12   0.116219E-08   0.169457E-12   0.281099E-14   0.140565E-11   0.116219E-08   0.140565E-11   0.606974E-07
    11   0.119138E-09   0.168091E-12   0.109383E-08   0.168091E-12   0.243218E-14   0.103472E-13   0.109383E-08   0.103472E-13   0.621162E-07
    12   0.117693E-09   0.173437E-12   0.103084E-08   0.173437E-12   0.211660E-14  -0.883453E-12   0.103084E-08  -0.883453E-12   0.632547E-07
    13   0.117217E-09   0.175821E-12   0.974122E-09   0.175821E-12   0.177829E-14  -0.113338E-11   0.974122E-09  -0.113338E-11   0.641786E-07
    14   0.117486E-09   0.166245E-12   0.922374E-09   0.166245E-12   0.141160E-14  -0.989113E-12   0.922374E-09  -0.989113E-12   0.648893E-07
    15   0.118108E-09   0.146976E-12   0.875280E-09   0.146976E-12   0.109645E-14  -0.792986E-12   0.875280E-09  -0.792986E-12   0.654337E-07
    16   0.119136E-09   0.128345E-12   0.830990E-09   0.128345E-12   0.888173E-15  -0.698945E-12   0.830990E-09  -0.698945E-12   0.658205E-07
    17   0.120564E-09   0.115724E-12   0.789044E-09   0.115724E-12   0.786929E-15  -0.603524E-12   0.789044E-09  -0.603524E-12   0.660686E-07
    18   0.122290E-09   0.112178E-12   0.749589E-09   0.112178E-12   0.779249E-15  -0.394498E-12   0.749589E-09  -0.394498E-12   0.662007E-07
    19   0.124414E-09   0.117387E-12   0.713110E-09   0.117387E-12   0.845248E-15  -0.145322E-12   0.713110E-09  -0.145322E-12   0.662282E-07
    20   0.126699E-09   0.127981E-12   0.679981E-09   0.127981E-12   0.952809E-15   0.281892E-13   0.679981E-09   0.281892E-13   0.661594E-07
    21   0.129195E-09   0.138066E-12   0.649780E-09   0.138066E-12   0.103811E-14   0.264504E-13   0.649780E-09   0.264504E-13   0.660050E-07
    22   0.131865E-09   0.142182E-12   0.621854E-09   0.142182E-12   0.105431E-14  -0.189504E-12   0.621854E-09  -0.189504E-12   0.657755E-07
    23   0.134643E-09   0.142310E-12   0.595408E-09   0.142310E-12   0.104445E-14  -0.432399E-12   0.595408E-09  -0.432399E-12   0.654799E-07
    24   0.137566E-09   0.142007E-12   0.569813E-09   0.142007E-12   0.106400E-14  -0.497789E-12   0.569813E-09  -0.497789E-12   0.651270E-07
    25   0.140667E-09   0.143112E-12   0.545243E-09   0.143112E-12   0.112429E-14  -0.338785E-12   0.545243E-09  -0.338785E-12   0.647259E-07
    26   0.143888E-09   0.147508E-12   0.522055E-09   0.147508E-12   0.122150E-14   0.152414E-13   0.522055E-09   0.152414E-13   0.642835E-07
    27   0.147253E-09   0.151849E-12   0.500524E-09   0.151849E-12   0.133218E-14   0.387428E-12   0.500524E-09   0.387428E-12   0.637977E-07
    28   0.150715E-09   0.151846E-12   0.480786E-09   0.151846E-12   0.143276E-14   0.598348E-12   0.480786E-09   0.598348E-12   0.632676E-07
    29   0.154294E-09   0.148590E-12   0.462502E-09   0.148590E-12   0.153216E-14   0.605791E-12   0.462502E-09   0.605791E-12   0.627032E-07
    30   0.158041E-09   0.142666E-12   0.445264E-09   0.142666E-12   0.164675E-14   0.429526E-12   0.445264E-09   0.429526E-12   0.621153E-07
    31   0.161817E-09   0.137185E-12   0.428864E-09   0.137185E-12   0.178887E-14   0.200036E-12   0.428864E-09   0.200036E-12   0.615069E-07
    32   0.165679E-09   0.132796E-12   0.413157E-09   0.132796E-12   0.196948E-14   0.560435E-13   0.413157E-09   0.560435E-13   0.608784E-07
    33   0.169602E-09   0.129104E-12   0.398038E-09   0.129104E-12   0.217522E-14   0.585327E-13   0.398038E-09   0.585327E-13   0.602282E-07
    34   0.173636E-09   0.125575E-12   0.383470E-09   0.125575E-12   0.239963E-14   0.226554E-12   0.383470E-09   0.226554E-12   0.595559E-07
    35   0.177835E-09   0.119877E-12   0.369655E-09   0.119877E-12   0.264262E-14   0.489167E-12   0.369655E-09   0.489167E-12   0.588676E-07
    36   0.182045E-09   0.112472E-12   0.356765E-09   0.112472E-12   0.290729E-14   0.753866E-12   0.356765E-09   0.753866E-12   0.581699E-07
    37   0.186333E-09   0.102832E-12   0.344625E-09   0.102832E-12   0.318837E-14   0.931893E-12   0.344625E-09   0.931893E-12   0.574630E-07
    38   0.190719E-09   0.917716E-13   0.333017E-09   0.917716E-13   0.347680E-14   0.959494E-12   0.333017E-09   0.959494E-12   0.567464E-07
    39   0.195192E-09   0.797991E-13   0.321878E-09   0.797991E-13   0.377646E-14   0.869195E-12   0.321878E-09   0.869195E-12   0.560220E-07
    40   0.199746E-09   0.672098E-13   0.311189E-09   0.672098E-13   0.409483E-14   0.717595E-12   0.311189E-09   0.717595E-12   0.552919E-07
    41   0.204368E-09   0.542476E-13   0.300932E-09   0.542476E-13   0.443809E-14   0.554464E-12   0.300932E-09   0.554464E-12   0.545584E-07
    42   0.209053E-09   0.409430E-13   0.291107E-09   0.409430E-13   0.480712E-14   0.402261E-12   0.291107E-09   0.402261E-12   0.538223E-07
    43   0.213795E-09   0.272193E-13   0.281719E-09   0.272193E-13   0.520145E-14   0.276613E-12   0.281719E-09   0.276613E-12   0.530842E-07
    44   0.218592E-09   0.127838E-13   0.272773E-09   0.127838E-13   0.562035E-14   0.193150E-12   0.272773E-09   0.193150E-12   0.523448E-07
    45   0.223447E-09  -0.269722E-14   0.264272E-09  -0.269722E-14   0.606268E-14   0.167502E-12   0.264272E-09   0.167502E-12   0.516046E-07
    46   0.228347E-09  -0.194558E-13   0.256211E-09  -0.194558E-13   0.652726E-14   0.207930E-12   0.256211E-09   0.207930E-12   0.508643E-07
    47   0.233294E-09  -0.375676E-13   0.248546E-09  -0.375676E-13   0.701433E-14   0.293226E-12   0.248546E-09   0.293226E-12   0.501248E-07
    48   0.238287E-09  -0.570716E-13   0.241222E-09  -0.570716E-13   0.752351E-14   0.394814E-12   0.241222E-09   0.394814E-12   0.493869E-07
    49   0.243329E-09  -0.779966E-13   0.234185E-09  -0.779966E-13   0.805438E-14   0.484119E-12   0.234185E-09   0.484119E-12   0.486515E-07
    50   0.248431E-09  -0.100353E-12   0.227382E-09  -0.100353E-12   0.860796E-14   0.532565E-12   0.227382E-09   0.532565E-12   0.479193E-07
    51   0.253605E-09  -0.124127E-12   0.220771E-09  -0.124127E-12   0.918541E-14   0.519673E-12   0.220771E-09   0.519673E-12   0.471912E-07
    52   0.258841E-09  -0.149234E-12   0.214365E-09  -0.149234E-12   0.978767E-14   0.457345E-12   0.214365E-09   0.457345E-12   0.464675E-07
    53   0.264126E-09  -0.175603E-12   0.208189E-09  -0.175603E-12   0.104152E-13   0.365579E-12   0.208189E-09   0.365579E-12   0.457483E-07
    54   0.269454E-09  -0.203276E-12   0.202270E-09  -0.203276E-12   0.110685E-13   0.264373E-12   0.202270E-09   0.264373E-12   0.450339E-07
    55   0.274821E-09  -0.232346E-12   0.196633E-09  -0.232346E-12   0.117483E-13   0.173724E-12   0.196633E-09   0.173724E-12   0.443245E-07
    56   0.280239E-09  -0.262979E-12   0.191295E-09  -0.262979E-12   0.124544E-13   0.109605E-12   0.191295E-09   0.109605E-12   0.436203E-07
    57   0.285715E-09  -0.295290E-12   0.186241E-09  -0.295290E-12   0.131867E-13   0.718913E-13   0.186241E-09   0.718913E-13   0.429217E-07
    58   0.291238E-09  -0.329290E-12   0.181445E-09  -0.329290E-12   0.139452E-13   0.564308E-13   0.181445E-09   0.564308E-13   0.422292E-07
    59   0.296790E-09  -0.364951E-12   0.176883E-09  -0.364951E-12   0.147301E-13   0.590729E-13   0.176883E-09   0.590729E-13   0.415432E-07
    60   0.302363E-09  -0.402189E-12   0.172530E-09  -0.402189E-12   0.155405E-13   0.756664E-13   0.172530E-09   0.756664E-13   0.408642E-07
    61   0.307953E-09  -0.440930E-12   0.168363E-09  -0.440930E-12   0.163759E-13   0.101981E-12   0.168363E-09   0.101981E-12   0.401924E-07
    62   0.313569E-09  -0.481190E-12   0.164362E-09  -0.481190E-12   0.172363E-13   0.133466E-12   0.164362E-09   0.133466E-12   0.395280E-07
    63   0.319219E-09  -0.523007E-12   0.160511E-09  -0.523007E-12   0.181221E-13   0.165493E-12   0.160511E-09   0.165493E-12   0.388708E-07
    64   0.324915E-09  -0.566420E-12   0.156791E-09  -0.566420E-12   0.190336E-13   0.193432E-12   0.156791E-09   0.193432E-12   0.382207E-07
    65   0.330667E-09  -0.611475E-12   0.153185E-09  -0.611475E-12   0.199712E-13   0.212654E-12   0.153185E-09   0.212654E-12   0.375776E-07
    66   0.336487E-09  -0.658223E-12   0.149680E-09  -0.658223E-12   0.209350E-13   0.219909E-12   0.149680E-09   0.219909E-12   0.369414E-07
    67   0.342371E-09  -0.706613E-12   0.146277E-09  -0.706613E-12   0.219252E-13   0.217469E-12   0.146277E-09   0.217469E-12   0.363123E-07
    68   0.348308E-09  -0.756569E-12   0.142985E-09  -0.756569E-12   0.229419E-13   0.208985E-12   0.142985E-09   0.208985E-12   0.356906E-07
    69   0.354289E-09  -0.808022E-12   0.139810E-09  -0.808022E-12   0.239855E-13   0.198109E-12   0.139810E-09   0.198109E-12   0.350765E-07
    70   0.360304E-09  -0.860925E-12   0.136760E-09  -0.860925E-12   0.250566E-13   0.188491E-12   0.136760E-09   0.188491E-12   0.344701E-07
    71   0.366347E-09  -0.915263E-12   0.133836E-09  -0.915263E-12   0.261559E-13   0.182963E-12   0.133836E-09   0.182963E-12   0.338716E-07
    72   0.372425E-09  -0.971122E-12   0.131030E-09  -0.971122E-12   0.272836E-13   0.181076E-12   0.131030E-09   0.181076E-12   0.332812E-07
    73   0.378546E-09  -0.102858E-11   0.128327E-09  -0.102858E-11   0.284397E-13   0.181559E-12   0.128327E-09   0.181559E-12   0.326986E-07
    74   0.384702E-09  -0.108758E-11   0.125712E-09  -0.108758E-11   0.296234E-13   0.183142E-12   0.125712E-09   0.183142E-12   0.321240E-07
    75   0.390886E-09  -0.114800E-11   0.123172E-09  -0.114800E-11   0.308337E-13   0.184556E-12   0.123172E-09   0.184556E-12   0.315573E-07
    76   0.397087E-09  -0.120975E-11   0.120694E-09  -0.120975E-11   0.320694E-13   0.184458E-12   0.120694E-09   0.184458E-12   0.309984E-07
    77   0.403294E-09  -0.127269E-11   0.118271E-09  -0.127269E-11   0.333299E-13   0.181210E-12   0.118271E-09   0.181210E-12   0.304474E-07
    78   0.409517E-09  -0.133685E-11   0.115898E-09  -0.133685E-11   0.346144E-13   0.173101E-12   0.115898E-09   0.173101E-12   0.299040E-07
    79   0.415769E-09  -0.140228E-11   0.113568E-09  -0.140228E-11   0.359220E-13   0.158421E-12   0.113568E-09   0.158421E-12   0.293683E-07
    80   0.422064E-09  -0.146907E-11   0.111277E-09  -0.146907E-11   0.372521E-13   0.135459E-12   0.111277E-09   0.135459E-12   0.288401E-07
    81   0.428413E-09  -0.153725E-11   0.109022E-09  -0.153725E-11   0.386041E-13   0.103278E-12   0.109022E-09   0.103278E-12   0.283194E-07
    82   0.434819E-09  -0.160684E-11   0.106814E-09  -0.160684E-11   0.399782E-13   0.640410E-13   0.106814E-09   0.640410E-13   0.278063E-07
    83   0.441278E-09  -0.167785E-11   0.104670E-09  -0.167785E-11   0.413746E-13   0.206814E-13   0.104670E-09   0.206814E-13   0.273007E-07
    84   0.447790E-09  -0.175027E-11   0.102603E-09  -0.175027E-11   0.427935E-13  -0.238651E-13   0.102603E-09  -0.238651E-13   0.268027E-07
    85   0.454353E-09  -0.182413E-11   0.100630E-09  -0.182413E-11   0.442351E-13  -0.666634E-13   0.100630E-09  -0.666634E-13   0.263124E-07
    86   0.460965E-09  -0.189938E-11   0.987615E-10  -0.189938E-11   0.456997E-13  -0.105203E-12   0.987615E-10  -0.105203E-12   0.258297E-07
    87   0.467618E-09  -0.197598E-11   0.969918E-10  -0.197598E-11   0.471868E-13  -0.138669E-12   0.969918E-10  -0.138669E-12   0.253546E-07
    88   0.474303E-09  -0.205385E-11   0.953113E-10  -0.205385E-11   0.486956E-13  -0.166674E-12   0.953113E-10  -0.166674E-12   0.248870E-07
    89   0.481016E-09  -0.213292E-11   0.937105E-10  -0.213292E-11   0.502255E-13  -0.188827E-12   0.937105E-10  -0.188827E-12   0.244267E-07
    90   0.487752E-09  -0.221317E-11   0.921797E-10  -0.221317E-11   0.517752E-13  -0.204740E-12   0.921797E-10  -0.204740E-12   0.239736E-07
    91   0.494507E-09  -0.229451E-11   0.907104E-10  -0.229451E-11   0.533439E-13  -0.214185E-12   0.907104E-10  -0.214185E-12   0.235276E-07
    92   0.501281E-09  -0.237696E-11   0.892987E-10  -0.237696E-11   0.549307E-13  -0.217576E-12   0.892987E-10  -0.217576E-12   0.230887E-07
    93   0.508077E-09  -0.246047E-11   0.879421E-10  -0.246047E-11   0.565348E-13  -0.215489E-12   0.879421E-10  -0.215489E-12   0.226567E-07
    94   0.514894E-09  -0.254506E-11   0.866377E-10  -0.254506E-11   0.581555E-13  -0.208500E-12   0.866377E-10  -0.208500E-12   0.222315E-07
    95   0.521736E-09  -0.263070E-11   0.853830E-10  -0.263070E-11   0.597918E-13  -0.197184E-12   0.853830E-10  -0.197184E-12   0.218132E-07
    96   0.528602E-09  -0.271735E-11   0.841753E-10  -0.271735E-11   0.614430E-13  -0.182118E-12   0.841753E-10  -0.182118E-12   0.214016E-07
    97   0.535493E-09  -0.280500E-11   0.830119E-10  -0.280500E-11   0.631081E-13  -0.163877E-12   0.830119E-10  -0.163877E-12   0.209967E-07
    98   0.542410E-09  -0.289362E-11   0.818901E-10  -0.289362E-11   0.647861E-13  -0.143037E-12   0.818901E-10  -0.143037E-12   0.205983E-07
    99   0.549351E-09  -0.298318E-11   0.808073E-10  -0.298318E-11   0.664763E-13  -0.120174E-12   0.808073E-10  -0.120174E-12   0.202066E-07
   100   0.556320E-09  -0.307366E-11   0.797607E-10  -0.307366E-11   0.681781E-13  -0.958629E-13   0.797607E-10  -0.958629E-13   0.198212E-07
   101   0.563315E-09  -0.316500E-11   0.787477E-10  -0.316500E-11   0.698907E-13  -0.706804E-13   0.787477E-10  -0.706804E-13   0.194423E-07
   102   0.570337E-09  -0.325722E-11   0.777657E-10  -0.325722E-11   0.716122E-13  -0.452020E-13   0.777657E-10  -0.452020E-13   0.190697E-07
   103   0.577386E-09  -0.335023E-11   0.768118E-10  -0.335023E-11   0.733436E-13  -0.200033E-13   0.768118E-10  -0.200033E-13   0.187034E-07
   104   0.584461E-09  -0.344403E-11   0.758836E-10  -0.344403E-11   0.750820E-13   0.433969E-14   0.758836E-10   0.433969E-14   0.183432E-07
   105   0.591563E-09  -0.353857E-11   0.749783E-10  -0.353857E-11   0.768277E-13   0.272513E-13   0.749783E-10   0.272513E-13   0.179892E-07
   106   0.598692E-09  -0.363381E-11   0.740931E-10  -0.363381E-11   0.785796E-13   0.481558E-13   0.740931E-10   0.481558E-13   0.176413E-07
   107   0.605846E-09  -0.372970E-11   0.732256E-10  -0.372970E-11   0.803379E-13   0.664774E-13   0.732256E-10   0.664774E-13   0.172993E-07
   108   0.613025E-09  -0.382623E-11   0.723728E-10  -0.382623E-11   0.821007E-13   0.816403E-13   0.723728E-10   0.816403E-13   0.169632E-07
   109   0.620231E-09  -0.392332E-11   0.715323E-10  -0.392332E-11   0.838680E-13   0.930687E-13   0.715323E-10   0.930687E-13   0.166329E-07
   110   0.627461E-09  -0.402095E-11   0.707013E-10  -0.402095E-11   0.856381E-13   0.100187E-12   0.707013E-10   0.100187E-12   0.163085E-07
   111   0.634717E-09  -0.411911E-11   0.698777E-10  -0.411911E-11   0.874108E-13   0.102583E-12   0.698777E-10   0.102583E-12   0.159897E-07
   112   0.641998E-09  -0.421770E-11   0.690617E-10  -0.421770E-11   0.891856E-13   0.100500E-12   0.690617E-10   0.100500E-12   0.156766E-07
   113   0.649304E-09  -0.431670E-11   0.682539E-10  -0.431670E-11   0.909599E-13   0.943473E-13   0.682539E-10   0.943473E-13   0.153691E-07
   114   0.656633E-09  -0.441606E-11   0.674549E-10  -0.441606E-11   0.927320E-13   0.845311E-13   0.674549E-10   0.845311E-13   0.150670E-07
   115   0.663986E-09  -0.451573E-11   0.666656E-10  -0.451573E-11   0.945022E-13   0.714594E-13   0.666656E-10   0.714594E-13   0.147703E-07
   116   0.671363E-09  -0.461566E-11   0.658865E-10  -0.461566E-11   0.962689E-13   0.555399E-13   0.658865E-10   0.555399E-13   0.144790E-07
   117   0.678763E-09  -0.471580E-11   0.651185E-10  -0.471580E-11   0.980294E-13   0.371802E-13   0.651185E-10   0.371802E-13   0.141929E-07
   118   0.686184E-09  -0.481609E-11   0.643620E-10  -0.481609E-11   0.997841E-13   0.167879E-13   0.643620E-10   0.167879E-13   0.139120E-07
   119   0.693627E-09  -0.491651E-11   0.636179E-10  -0.491651E-11   0.101531E-12  -0.522922E-14   0.636179E-10  -0.522922E-14   0.136362E-07
   120   0.701092E-09  -0.501700E-11   0.628869E-10  -0.501700E-11   0.103270E-12  -0.284636E-13   0.628869E-10  -0.284636E-13   0.133655E-07
   121   0.708576E-09  -0.511749E-11   0.621695E-10  -0.511749E-11   0.104999E-12  -0.525077E-13   0.621695E-10  -0.525077E-13   0.130997E-07
   122   0.716080E-09  -0.521797E-11   0.614666E-10  -0.521797E-11   0.106718E-12  -0.769537E-13   0.614666E-10  -0.769537E-13   0.128388E-07
   123   0.723603E-09  -0.531838E-11   0.607788E-10  -0.531838E-11   0.108425E-12  -0.101394E-12   0.607788E-10  -0.101394E-12   0.125827E-07
   124   0.731144E-09  -0.541865E-11   0.601067E-10  -0.541865E-11   0.110120E-12  -0.125421E-12   0.601067E-10  -0.125421E-12   0.123313E-07
   125   0.738702E-09  -0.551877E-11   0.594511E-10  -0.551877E-11   0.111802E-12  -0.148627E-12   0.594511E-10  -0.148627E-12   0.120846E-07
   126   0.746278E-09  -0.561868E-11   0.588126E-10  -0.561868E-11   0.113469E-12  -0.170605E-12   0.588126E-10  -0.170605E-12   0.118425E-07
   127   0.753869E-09  -0.571832E-11   0.581920E-10  -0.571832E-11   0.115124E-12  -0.190946E-12   0.581920E-10  -0.190946E-12   0.116049E-07
   128   0.761476E-09  -0.581768E-11   0.575899E-10  -0.581768E-11   0.116762E-12  -0.209244E-12   0.575899E-10  -0.209244E-12   0.113717E-07
   129   0.769097E-09  -0.591669E-11   0.570071E-10  -0.591669E-11   0.118385E-12  -0.225089E-12   0.570071E-10  -0.225089E-12   0.111429E-07
   130   0.776733E-09  -0.601531E-11   0.564441E-10  -0.601531E-11   0.119992E-12  -0.238076E-12   0.564441E-10  -0.238076E-12   0.109184E-07
   131   0.784380E-09  -0.611351E-11   0.559014E-10  -0.611351E-11   0.121582E-12  -0.247904E-12   0.559014E-10  -0.247904E-12   0.106981E-07
   132   0.792041E-09  -0.621121E-11   0.553784E-10  -0.621121E-11   0.123154E-12  -0.254704E-12   0.553784E-10  -0.254704E-12   0.104819E-07
   133   0.799714E-09  -0.630837E-11   0.548740E-10  -0.630837E-11   0.124705E-12  -0.258714E-12   0.548740E-10  -0.258714E-12   0.102699E-07
   134   0.807398E-09  -0.640492E-11   0.543873E-10  -0.640492E-11   0.126237E-12  -0.260175E-12   0.543873E-10  -0.260175E-12   0.100618E-07
   135   0.815092E-09  -0.650083E-11   0.539174E-10  -0.650083E-11   0.127745E-12  -0.259323E-12   0.539174E-10  -0.259323E-12   0.985778E-08
   136   0.822796E-09  -0.659600E-11   0.534632E-10  -0.659600E-11   0.129229E-12  -0.256399E-12   0.534632E-10  -0.256399E-12   0.965763E-08
   137   0.830511E-09  -0.669040E-11   0.530238E-10  -0.669040E-11   0.130687E-12  -0.251641E-12   0.530238E-10  -0.251641E-12   0.946132E-08
   138   0.838233E-09  -0.678398E-11   0.525982E-10  -0.678398E-11   0.132119E-12  -0.245287E-12   0.525982E-10  -0.245287E-12   0.926881E-08
   139   0.845964E-09  -0.687668E-11   0.521856E-10  -0.687668E-11   0.133522E-12  -0.237577E-12   0.521856E-10  -0.237577E-12   0.908001E-08
   140   0.853703E-09  -0.696846E-11   0.517848E-10  -0.696846E-11   0.134897E-12  -0.228750E-12   0.517848E-10  -0.228750E-12   0.889489E-08
   141   0.861448E-09  -0.705927E-11   0.513950E-10  -0.705927E-11   0.136243E-12  -0.219043E-12   0.513950E-10  -0.219043E-12   0.871337E-08
   142   0.869199E-09  -0.714905E-11   0.510151E-10  -0.714905E-11   0.137557E-12  -0.208697E-12   0.510151E-10  -0.208697E-12   0.853539E-08
   143   0.876957E-09  -0.723776E-11   0.506443E-10  -0.723776E-11   0.138841E-12  -0.197949E-12   0.506443E-10  -0.197949E-12   0.836089E-08
   144   0.884718E-09  -0.732537E-11   0.502815E-10  -0.732537E-11   0.140092E-12  -0.187039E-12   0.502815E-10  -0.187039E-12   0.818982E-08
   145   0.892485E-09  -0.741179E-11   0.499258E-10  -0.741179E-11   0.141310E-12  -0.176205E-12   0.499258E-10  -0.176205E-12   0.802211E-08
   146   0.900252E-09  -0.749702E-11   0.495763E-10  -0.749702E-11   0.142495E-12  -0.165687E-12   0.495763E-10  -0.165687E-12   0.785770E-08
   147   0.908019E-09  -0.758097E-11   0.492318E-10  -0.758097E-11   0.143647E-12  -0.155722E-12   0.492318E-10  -0.155722E-12   0.769653E-08
   148   0.915786E-09  -0.766362E-11   0.488916E-10  -0.766362E-11   0.144765E-12  -0.146550E-12   0.488916E-10  -0.146550E-12   0.753854E-08
   149   0.923550E-09  -0.774492E-11   0.485546E-10  -0.774492E-11   0.145849E-12  -0.138410E-12   0.485546E-10  -0.138410E-12   0.738366E-08
   150   0.931311E-09  -0.782481E-11   0.482199E-10  -0.782481E-11   0.146899E-12  -0.131540E-12   0.482199E-10  -0.131540E-12   0.723185E-08
   151   0.939065E-09  -0.790325E-11   0.478867E-10  -0.790325E-11   0.147914E-12  -0.126124E-12   0.478867E-10  -0.126124E-12   0.708303E-08
   152   0.946813E-09  -0.798019E-11   0.475547E-10  -0.798019E-11   0.148894E-12  -0.122128E-12   0.475547E-10  -0.122128E-12   0.693717E-08
   153   0.954555E-09  -0.805555E-11   0.472242E-10  -0.805555E-11   0.149837E-12  -0.119463E-12   0.472242E-10  -0.119463E-12   0.679422E-08
   154   0.962290E-09  -0.812930E-11   0.468950E-10  -0.812930E-11   0.150743E-12  -0.118040E-12   0.468950E-10  -0.118040E-12   0.665413E-08
   155   0.970017E-09  -0.820134E-11   0.465672E-10  -0.820134E-11   0.151610E-12  -0.117769E-12   0.465672E-10  -0.117769E-12   0.651687E-08
   156   0.977737E-09  -0.827164E-11   0.462409E-10  -0.827164E-11   0.152437E-12  -0.118561E-12   0.462409E-10  -0.118561E-12   0.638239E-08
   157   0.985447E-09  -0.834013E-11   0.459160E-10  -0.834013E-11   0.153222E-12  -0.120327E-12   0.459160E-10  -0.120327E-12   0.625065E-08
   158   0.993149E-09  -0.840674E-11   0.455926E-10  -0.840674E-11   0.153966E-12  -0.122977E-12   0.455926E-10  -0.122977E-12   0.612160E-08
   159   0.100084E-08  -0.847144E-11   0.452708E-10  -0.847144E-11   0.154667E-12  -0.126423E-12   0.452708E-10  -0.126423E-12   0.599521E-08
   160   0.100852E-08  -0.853415E-11   0.449505E-10  -0.853415E-11   0.155326E-12  -0.130576E-12   0.449505E-10  -0.130576E-12   0.587142E-08
   161   0.101619E-08  -0.859483E-11   0.446318E-10  -0.859483E-11   0.155941E-12  -0.135345E-12   0.446318E-10  -0.135345E-12   0.575020E-08
   162   0.102384E-08  -0.865343E-11   0.443147E-10  -0.865343E-11   0.156511E-12  -0.140642E-12   0.443147E-10  -0.140642E-12   0.563151E-08
   163   0.103147E-08  -0.870987E-11   0.439992E-10  -0.870987E-11   0.157040E-12  -0.146379E-12   0.439992E-10  -0.146379E-12   0.551529E-08
   164   0.103909E-08  -0.876414E-11   0.436854E-10  -0.876414E-11   0.157522E-12  -0.152464E-12   0.436854E-10  -0.152464E-12   0.540151E-08
   165   0.104669E-08  -0.881615E-11   0.433733E-10  -0.881615E-11   0.157960E-12  -0.158810E-12   0.433733E-10  -0.158810E-12   0.529012E-08
   166   0.105427E-08  -0.886588E-11   0.430629E-10  -0.886588E-11   0.158353E-12  -0.165327E-12   0.430629E-10  -0.165327E-12   0.518108E-08
   167   0.106182E-08  -0.891327E-11   0.427543E-10  -0.891327E-11   0.158702E-12  -0.171926E-12   0.427543E-10  -0.171926E-12   0.507435E-08
   168   0.106936E-08  -0.895831E-11   0.424474E-10  -0.895831E-11   0.159008E-12  -0.178518E-12   0.424474E-10  -0.178518E-12   0.496988E-08
   169   0.107687E-08  -0.900096E-11   0.421423E-10  -0.900096E-11   0.159269E-12  -0.185013E-12   0.421423E-10  -0.185013E-12   0.486763E-08
   170   0.108435E-08  -0.904117E-11   0.418391E-10  -0.904117E-11   0.159487E-12  -0.191322E-12   0.418391E-10  -0.191322E-12   0.476756E-08
   171   0.109182E-08  -0.907891E-11   0.415377E-10  -0.907891E-11   0.159662E-12  -0.197357E-12   0.415377E-10  -0.197357E-12   0.466963E-08
   172   0.109925E-08  -0.911415E-11   0.412383E-10  -0.911415E-11   0.159794E-12  -0.203027E-12   0.412383E-10  -0.203027E-12   0.457379E-08
   173   0.110666E-08  -0.914685E-11   0.409407E-10  -0.914685E-11   0.159885E-12  -0.208245E-12   0.409407E-10  -0.208245E-12   0.447999E-08
   174   0.111404E-08  -0.917699E-11   0.406451E-10  -0.917699E-11   0.159934E-12  -0.212919E-12   0.406451E-10  -0.212919E-12   0.438820E-08
   175   0.112139E-08  -0.920456E-11   0.403514E-10  -0.920456E-11   0.159944E-12  -0.216962E-12   0.403514E-10  -0.216962E-12   0.429838E-08
   176   0.112871E-08  -0.922952E-11   0.400598E-10  -0.922952E-11   0.159914E-12  -0.220305E-12   0.400598E-10  -0.220305E-12   0.421047E-08
   177   0.113601E-08  -0.925181E-11   0.397701E-10  -0.925181E-11   0.159844E-12  -0.222960E-12   0.397701E-10  -0.222960E-12   0.412445E-08
   178   0.114326E-08  -0.927139E-11   0.394823E-10  -0.927139E-11   0.159734E-12  -0.224960E-12   0.394823E-10  -0.224960E-12   0.404029E-08
   179   0.115049E-08  -0.928819E-11   0.391965E-10  -0.928819E-11   0.159583E-12  -0.226340E-12   0.391965E-10  -0.226340E-12   0.395795E-08
   180   0.115768E-08  -0.930217E-11   0.389125E-10  -0.930217E-11   0.159391E-12  -0.227131E-12   0.389125E-10  -0.227131E-12   0.387740E-08
   181   0.116484E-08  -0.931330E-11   0.386304E-10  -0.931330E-11   0.159157E-12  -0.227368E-12   0.386304E-10  -0.227368E-12   0.379861E-08
   182   0.117196E-08  -0.932152E-11   0.383501E-10  -0.932152E-11   0.158882E-12  -0.227084E-12   0.383501E-10  -0.227084E-12   0.372155E-08
   183   0.117905E-08  -0.932680E-11   0.380716E-10  -0.932680E-11   0.158564E-12  -0.226312E-12   0.380716E-10  -0.226312E-12   0.364618E-08
   184   0.118610E-08  -0.932911E-11   0.377949E-10  -0.932911E-11   0.158204E-12  -0.225085E-12   0.377949E-10  -0.225085E-12   0.357248E-08
   185   0.119311E-08  -0.932837E-11   0.375199E-10  -0.932837E-11   0.157803E-12  -0.223436E-12   0.375199E-10  -0.223436E-12   0.350041E-08
   186   0.120008E-08  -0.932459E-11   0.372466E-10  -0.932459E-11   0.157360E-12  -0.221399E-12   0.372466E-10  -0.221399E-12   0.342994E-08
   187   0.120702E-08  -0.931770E-11   0.369749E-10  -0.931770E-11   0.156873E-12  -0.219008E-12   0.369749E-10  -0.219008E-12   0.336104E-08
   188   0.121391E-08  -0.930768E-11   0.367049E-10  -0.930768E-11   0.156346E-12  -0.216294E-12   0.367049E-10  -0.216294E-12   0.329367E-08
   189   0.122076E-08  -0.929451E-11   0.364365E-10  -0.929451E-11   0.155776E-12  -0.213293E-12   0.364365E-10  -0.213293E-12   0.322781E-08
   190   0.122758E-08  -0.927816E-11   0.361697E-10  -0.927816E-11   0.155165E-12  -0.210036E-12   0.361697E-10  -0.210036E-12   0.316342E-08
   191   0.123435E-08  -0.925861E-11   0.359044E-10  -0.925861E-11   0.154513E-12  -0.206557E-12   0.359044E-10  -0.206557E-12   0.310047E-08
   192   0.124108E-08  -0.923580E-11   0.356407E-10  -0.923580E-11   0.153819E-12  -0.202890E-12   0.356407E-10  -0.202890E-12   0.303892E-08
   193   0.124776E-08  -0.920973E-11   0.353784E-10  -0.920973E-11   0.153086E-12  -0.199067E-12   0.353784E-10  -0.199067E-12   0.297876E-08
   194   0.125440E-08  -0.918039E-11   0.351176E-10  -0.918039E-11   0.152312E-12  -0.195122E-12   0.351176E-10  -0.195122E-12   0.291994E-08
   195   0.126100E-08  -0.914775E-11   0.348582E-10  -0.914775E-11   0.151498E-12  -0.191089E-12   0.348582E-10  -0.191089E-12   0.286243E-08
   196   0.126755E-08  -0.911182E-11   0.346002E-10  -0.911182E-11   0.150645E-12  -0.187000E-12   0.346002E-10  -0.187000E-12   0.280620E-08
   197   0.127406E-08  -0.907257E-11   0.343435E-10  -0.907257E-11   0.149754E-12  -0.182889E-12   0.343435E-10  -0.182889E-12   0.275122E-08
   198   0.128052E-08  -0.902999E-11   0.340883E-10  -0.902999E-11   0.148826E-12  -0.178788E-12   0.340883E-10  -0.178788E-12   0.269746E-08
   199   0.128694E-08  -0.898406E-11   0.338343E-10  -0.898406E-11   0.147859E-12  -0.174732E-12   0.338343E-10  -0.174732E-12   0.264488E-08
   200   0.129331E-08  -0.893480E-11   0.335816E-10  -0.893480E-11   0.146857E-12  -0.170754E-12   0.335816E-10  -0.170754E-12   0.259346E-08
   201   0.129964E-08  -0.888217E-11   0.333301E-10  -0.888217E-11   0.145818E-12  -0.166880E-12   0.333301E-10  -0.166880E-12   0.254316E-08
   202   0.130591E-08  -0.882617E-11   0.330798E-10  -0.882617E-11   0.144746E-12  -0.163115E-12   0.330798E-10  -0.163115E-12   0.249396E-08
   203   0.131214E-08  -0.876675E-11   0.328308E-10  -0.876675E-11   0.143645E-12  -0.159454E-12   0.328308E-10  -0.159454E-12   0.244586E-08
   204   0.131831E-08  -0.870388E-11   0.325830E-10  -0.870388E-11   0.142516E-12  -0.155896E-12   0.325830E-10  -0.155896E-12   0.239882E-08
   205   0.132443E-08  -0.863756E-11   0.323363E-10  -0.863756E-11   0.141363E-12  -0.152437E-12   0.323363E-10  -0.152437E-12   0.235285E-08
   206   0.133048E-08  -0.856773E-11   0.320908E-10  -0.856773E-11   0.140188E-12  -0.149074E-12   0.320908E-10  -0.149074E-12   0.230791E-08
   207   0.133648E-08  -0.849437E-11   0.318464E-10  -0.849437E-11   0.138995E-12  -0.145805E-12   0.318464E-10  -0.145805E-12   0.226401E-08
   208   0.134241E-08  -0.841747E-11   0.316031E-10  -0.841747E-11   0.137787E-12  -0.142627E-12   0.316031E-10  -0.142627E-12   0.222111E-08
   209   0.134829E-08  -0.833703E-11   0.313610E-10  -0.833703E-11   0.136566E-12  -0.139536E-12   0.313610E-10  -0.139536E-12   0.217921E-08
   210   0.135410E-08  -0.825302E-11   0.311199E-10  -0.825302E-11   0.135336E-12  -0.136530E-12   0.311199E-10  -0.136530E-12   0.213828E-08
   211   0.135985E-08  -0.816545E-11   0.308798E-10  -0.816545E-11   0.134099E-12  -0.133607E-12   0.308798E-10  -0.133607E-12   0.209832E-08
   212   0.136554E-08  -0.807430E-11   0.306408E-10  -0.807430E-11   0.132858E-12  -0.130762E-12   0.306408E-10  -0.130762E-12   0.205930E-08
   213   0.137116E-08  -0.797955E-11   0.304028E-10  -0.797955E-11   0.131617E-12  -0.127994E-12   0.304028E-10  -0.127994E-12   0.202122E-08
   214   0.137673E-08  -0.788121E-11   0.301659E-10  -0.788121E-11   0.130378E-12  -0.125299E-12   0.301659E-10  -0.125299E-12   0.198405E-08
   215   0.138223E-08  -0.777926E-11   0.299299E-10  -0.777926E-11   0.129144E-12  -0.122675E-12   0.299299E-10  -0.122675E-12   0.194778E-08
   216   0.138766E-08  -0.767371E-11   0.296948E-10  -0.767371E-11   0.127918E-12  -0.120118E-12   0.296948E-10  -0.120118E-12   0.191239E-08
   217   0.139302E-08  -0.756454E-11   0.294608E-10  -0.756454E-11   0.126702E-12  -0.117626E-12   0.294608E-10  -0.117626E-12   0.187787E-08
   218   0.139832E-08  -0.745174E-11   0.292276E-10  -0.745174E-11   0.125499E-12  -0.115196E-12   0.292276E-10  -0.115196E-12   0.184421E-08
   219   0.140354E-08  -0.733532E-11   0.289954E-10  -0.733532E-11   0.124312E-12  -0.112825E-12   0.289954E-10  -0.112825E-12   0.181137E-08
   220   0.140869E-08  -0.721527E-11   0.287640E-10  -0.721527E-11   0.123144E-12  -0.110510E-12   0.287640E-10  -0.110510E-12   0.177936E-08
   221   0.141377E-08  -0.709160E-11   0.285335E-10  -0.709160E-11   0.121996E-12  -0.108248E-12   0.285335E-10  -0.108248E-12   0.174815E-08
   222   0.141877E-08  -0.696428E-11   0.283039E-10  -0.696428E-11   0.120873E-12  -0.106037E-12   0.283039E-10  -0.106037E-12   0.171773E-08
   223   0.142370E-08  -0.683334E-11   0.280751E-10  -0.683334E-11   0.119775E-12  -0.103873E-12   0.280751E-10  -0.103873E-12   0.168809E-08
   224   0.142855E-08  -0.669876E-11   0.278471E-10  -0.669876E-11   0.118706E-12  -0.101754E-12   0.278471E-10  -0.101754E-12   0.165920E-08
   225   0.143332E-08  -0.656058E-11   0.276199E-10  -0.656058E-11   0.117667E-12  -0.996767E-13   0.276199E-10  -0.996767E-13   0.163104E-08
   226   0.143802E-08  -0.641877E-11   0.273935E-10  -0.641877E-11   0.116660E-12  -0.976381E-13   0.273935E-10  -0.976381E-13   0.160362E-08
   227   0.144263E-08  -0.627335E-11   0.271679E-10  -0.627335E-11   0.115690E-12  -0.956355E-13   0.271679E-10  -0.956355E-13   0.157690E-08
   228   0.144716E-08  -0.612433E-11   0.269430E-10  -0.612433E-11   0.114756E-12  -0.936660E-13   0.269430E-10  -0.936660E-13   0.155088E-08
   229   0.145162E-08  -0.597170E-11   0.267188E-10  -0.597170E-11   0.113861E-12  -0.917268E-13   0.267188E-10  -0.917268E-13   0.152553E-08
   230   0.145599E-08  -0.581549E-11   0.264953E-10  -0.581549E-11   0.113008E-12  -0.898148E-13   0.264953E-10  -0.898148E-13   0.150085E-08
   231   0.146028E-08  -0.565570E-11   0.262726E-10  -0.565570E-11   0.112197E-12  -0.879274E-13   0.262726E-10  -0.879274E-13   0.147681E-08
   232   0.146449E-08  -0.549233E-11   0.260504E-10  -0.549233E-11   0.111430E-12  -0.860615E-13   0.260504E-10  -0.860615E-13   0.145340E-08
   233   0.146861E-08  -0.532540E-11   0.258290E-10  -0.532540E-11   0.110710E-12  -0.842143E-13   0.258290E-10  -0.842143E-13   0.143060E-08
   234   0.147265E-08  -0.515494E-11   0.256081E-10  -0.515494E-11   0.110037E-12  -0.823829E-13   0.256081E-10  -0.823829E-13   0.140841E-08
   235   0.147660E-08  -0.498092E-11   0.253879E-10  -0.498092E-11   0.109414E-12  -0.805645E-13   0.253879E-10  -0.805645E-13   0.138679E-08
   236   0.148046E-08  -0.480338E-11   0.251682E-10  -0.480338E-11   0.108842E-12  -0.787562E-13   0.251682E-10  -0.787562E-13   0.136574E-08
   237   0.148424E-08  -0.462234E-11   0.249492E-10  -0.462234E-11   0.108321E-12  -0.769550E-13   0.249492E-10  -0.769550E-13   0.134524E-08
   238   0.148794E-08  -0.443779E-11   0.247307E-10  -0.443779E-11   0.107853E-12  -0.751582E-13   0.247307E-10  -0.751582E-13   0.132528E-08
   239   0.149154E-08  -0.424976E-11   0.245127E-10  -0.424976E-11   0.107437E-12  -0.733627E-13   0.245127E-10  -0.733627E-13   0.130583E-08
   240   0.149506E-08  -0.405828E-11   0.242952E-10  -0.405828E-11   0.107077E-12  -0.715659E-13   0.242952E-10  -0.715659E-13   0.128689E-08
   241   0.149848E-08  -0.386333E-11   0.240783E-10  -0.386333E-11   0.106772E-12  -0.697647E-13   0.240783E-10  -0.697647E-13   0.126844E-08
   242   0.150182E-08  -0.366494E-11   0.238618E-10  -0.366494E-11   0.106523E-12  -0.679563E-13   0.238618E-10  -0.679563E-13   0.125045E-08
   243   0.150507E-08  -0.346315E-11   0.236458E-10  -0.346315E-11   0.106331E-12  -0.661379E-13   0.236458E-10  -0.661379E-13   0.123292E-08
   244   0.150822E-08  -0.325793E-11   0.234302E-10  -0.325793E-11   0.106195E-12  -0.643064E-13   0.234302E-10  -0.643064E-13   0.121584E-08
   245   0.151129E-08  -0.304931E-11   0.232150E-10  -0.304931E-11   0.106117E-12  -0.624591E-13   0.232150E-10  -0.624591E-13   0.119917E-08
   246   0.151427E-08  -0.283731E-11   0.230003E-10  -0.283731E-11   0.106095E-12  -0.605932E-13   0.230003E-10  -0.605932E-13   0.118291E-08
   247   0.151715E-08  -0.262193E-11   0.227859E-10  -0.262193E-11   0.106130E-12  -0.587056E-13   0.227859E-10  -0.587056E-13   0.116705E-08
   248   0.151995E-08  -0.240320E-11   0.225719E-10  -0.240320E-11   0.106223E-12  -0.567935E-13   0.225719E-10  -0.567935E-13   0.115156E-08
   249   0.152265E-08  -0.218112E-11   0.223583E-10  -0.218112E-11   0.106372E-12  -0.548541E-13   0.223583E-10  -0.548541E-13   0.113643E-08
   250   0.152526E-08  -0.195571E-11   0.221450E-10  -0.195571E-11   0.106578E-12  -0.528844E-13   0.221450E-10  -0.528844E-13   0.112165E-08
   251   0.152778E-08  -0.172701E-11   0.219320E-10  -0.172701E-11   0.106840E-12  -0.508824E-13   0.219320E-10  -0.508824E-13   0.110719E-08
   252   0.153021E-08  -0.149509E-11   0.217193E-10  -0.149509E-11   0.107164E-12  -0.488484E-13   0.217193E-10  -0.488484E-13   0.109306E-08
   253   0.153254E-08  -0.126002E-11   0.215070E-10  -0.126002E-11   0.107558E-12  -0.467837E-13   0.215070E-10  -0.467837E-13   0.107925E-08
   254   0.153478E-08  -0.102190E-11   0.212951E-10  -0.102190E-11   0.108029E-12  -0.446895E-13   0.212951E-10  -0.446895E-13   0.106575E-08
   255   0.153692E-08  -0.780802E-12   0.210836E-10  -0.780802E-12   0.108584E-12  -0.425671E-13   0.210836E-10  -0.425671E-13   0.105256E-08
   256   0.153896E-08  -0.536801E-12   0.208726E-10  -0.536801E-12   0.109229E-12  -0.404176E-13   0.208726E-10  -0.404176E-13   0.103968E-08
   257   0.154091E-08  -0.289957E-12   0.206620E-10  -0.289957E-12   0.109972E-12  -0.382422E-13   0.206620E-10  -0.382422E-13   0.102709E-08
   258   0.154276E-08  -0.403835E-13   0.204519E-10  -0.403835E-13   0.110819E-12  -0.360422E-13   0.204519E-10  -0.360422E-13   0.101479E-08
   259   0.154451E-08   0.212004E-12   0.202424E-10   0.212004E-12   0.111776E-12  -0.338187E-13   0.202424E-10  -0.338187E-13   0.100279E-08
   260   0.154617E-08   0.466930E-12   0.200333E-10   0.466930E-12   0.112850E-12  -0.315730E-13   0.200333E-10  -0.315730E-13   0.991063E-09
   261   0.154774E-08   0.724520E-12   0.198249E-10   0.724520E-12   0.114047E-12  -0.293062E-13   0.198249E-10  -0.293062E-13   0.979617E-09
   262   0.154921E-08   0.984599E-12   0.196170E-10   0.984599E-12   0.115373E-12  -0.270197E-13   0.196170E-10  -0.270197E-13   0.968445E-09
   263   0.155059E-08   0.124719E-11   0.194098E-10   0.124719E-11   0.116835E-12  -0.247145E-13   0.194098E-10  -0.247145E-13   0.957541E-09
   264   0.155187E-08   0.151212E-11   0.192032E-10   0.151212E-11   0.118438E-12  -0.223920E-13   0.192032E-10  -0.223920E-13   0.946900E-09
   265   0.155305E-08   0.177952E-11   0.189973E-10   0.177952E-11   0.120185E-12  -0.200532E-13   0.189973E-10  -0.200532E-13   0.936517E-09
   266   0.155414E-08   0.204910E-11   0.187921E-10   0.204910E-11   0.122084E-12  -0.176995E-13   0.187921E-10  -0.176995E-13   0.926387E-09
   267   0.155514E-08   0.232080E-11   0.185876E-10   0.232080E-11   0.124137E-12  -0.153320E-13   0.185876E-10  -0.153320E-13   0.916505E-09
   268   0.155603E-08   0.259474E-11   0.183839E-10   0.259474E-11   0.126350E-12  -0.129519E-13   0.183839E-10  -0.129519E-13   0.906866E-09
   269   0.155683E-08   0.287064E-11   0.181809E-10   0.287064E-11   0.128729E-12  -0.105604E-13   0.181809E-10  -0.105604E-13   0.897464E-09
   270   0.155753E-08   0.314863E-11   0.179788E-10   0.314863E-11   0.131276E-12  -0.815885E-14   0.179788E-10  -0.815885E-14   0.888295E-09
   271   0.155814E-08   0.342843E-11   0.177774E-10   0.342843E-11   0.133998E-12  -0.574832E-14   0.177774E-10  -0.574832E-14   0.879354E-09
   272   0.155864E-08   0.371017E-11   0.175770E-10   0.371017E-11   0.136898E-12  -0.333005E-14   0.175770E-10  -0.333005E-14   0.870636E-09
   273   0.155905E-08   0.399367E-11   0.173774E-10   0.399367E-11   0.139978E-12  -0.905267E-15   0.173774E-10  -0.905267E-15   0.862135E-09
   274   0.155936E-08   0.427907E-11   0.171787E-10   0.427907E-11   0.143244E-12   0.152484E-14   0.171787E-10   0.152484E-14   0.853847E-09
   275   0.155957E-08   0.456608E-11   0.169809E-10   0.456608E-11   0.146698E-12   0.395904E-14   0.169809E-10   0.395904E-14   0.845766E-09
   276   0.155969E-08   0.485482E-11   0.167842E-10   0.485482E-11   0.150346E-12   0.639615E-14   0.167842E-10   0.639615E-14   0.837888E-09
   277   0.155971E-08   0.514513E-11   0.165883E-10   0.514513E-11   0.154189E-12   0.883495E-14   0.165883E-10   0.883495E-14   0.830207E-09
   278   0.155963E-08   0.543693E-11   0.163935E-10   0.543693E-11   0.158231E-12   0.112742E-13   0.163935E-10   0.112742E-13   0.822718E-09
   279   0.155946E-08   0.573034E-11   0.161998E-10   0.573034E-11   0.162475E-12   0.137128E-13   0.161998E-10   0.137128E-13   0.815417E-09
   280   0.155919E-08   0.602519E-11   0.160071E-10   0.602519E-11   0.166921E-12   0.161494E-13   0.160071E-10   0.161494E-13   0.808299E-09
   281   0.155882E-08   0.632150E-11   0.158155E-10   0.632150E-11   0.171575E-12   0.185829E-13   0.158155E-10   0.185829E-13   0.801357E-09
   282   0.155835E-08   0.661921E-11   0.156250E-10   0.661921E-11   0.176436E-12   0.210120E-13   0.156250E-10   0.210120E-13   0.794588E-09
   283   0.155779E-08   0.691822E-11   0.154356E-10   0.691822E-11   0.181508E-12   0.234355E-13   0.154356E-10   0.234355E-13   0.787986E-09
   284   0.155713E-08   0.721848E-11   0.152474E-10   0.721848E-11   0.186794E-12   0.258523E-13   0.152474E-10   0.258523E-13   0.781546E-09
   285   0.155638E-08   0.752000E-11   0.150604E-10   0.752000E-11   0.192294E-12   0.282611E-13   0.150604E-10   0.282611E-13   0.775263E-09
   286   0.155553E-08   0.782280E-11   0.148746E-10   0.782280E-11   0.198011E-12   0.306607E-13   0.148746E-10   0.306607E-13   0.769132E-09
   287   0.155458E-08   0.812682E-11   0.146900E-10   0.812682E-11   0.203945E-12   0.330499E-13   0.146900E-10   0.330499E-13   0.763148E-09
   288   0.155354E-08   0.843188E-11   0.145068E-10   0.843188E-11   0.210098E-12   0.354276E-13   0.145068E-10   0.354276E-13   0.757306E-09
   289   0.155240E-08   0.873820E-11   0.143248E-10   0.873820E-11   0.216471E-12   0.377924E-13   0.143248E-10   0.377924E-13   0.751601E-09
   290   0.155116E-08   0.904551E-11   0.141441E-10   0.904551E-11   0.223065E-12   0.401431E-13   0.141441E-10   0.401431E-13   0.746028E-09
   291   0.154983E-08   0.935393E-11   0.139648E-10   0.935393E-11   0.229884E-12   0.424787E-13   0.139648E-10   0.424787E-13   0.740581E-09
   292   0.154841E-08   0.966340E-11   0.137868E-10   0.966340E-11   0.236915E-12   0.447978E-13   0.137868E-10   0.447978E-13   0.735257E-09
   293   0.154689E-08   0.997392E-11   0.136103E-10   0.997392E-11   0.244176E-12   0.470993E-13   0.136103E-10   0.470993E-13   0.730049E-09
   294   0.154527E-08   0.102853E-10   0.134352E-10   0.102853E-10   0.251662E-12   0.493819E-13   0.134352E-10   0.493819E-13   0.724952E-09
   295   0.154356E-08   0.105978E-10   0.132615E-10   0.105978E-10   0.259361E-12   0.516444E-13   0.132615E-10   0.516444E-13   0.719963E-09
   296   0.154175E-08   0.109111E-10   0.130893E-10   0.109111E-10   0.267287E-12   0.538857E-13   0.130893E-10   0.538857E-13   0.715074E-09
   297   0.153984E-08   0.112253E-10   0.129186E-10   0.112253E-10   0.275428E-12   0.561045E-13   0.129186E-10   0.561045E-13   0.710283E-09
   298   0.153784E-08   0.115403E-10   0.127494E-10   0.115403E-10   0.283790E-12   0.582996E-13   0.127494E-10   0.582996E-13   0.705583E-09
   299   0.153575E-08   0.118562E-10   0.125818E-10   0.118562E-10   0.292369E-12   0.604698E-13   0.125818E-10   0.604698E-13   0.700969E-09
   300   0.153355E-08   0.121730E-10   0.124157E-10   0.121730E-10   0.301161E-12   0.626139E-13   0.124157E-10   0.626139E-13   0.696437E-09
   301   0.153127E-08   0.124906E-10   0.122513E-10   0.124906E-10   0.310184E-12   0.647308E-13   0.122513E-10   0.647308E-13   0.691982E-09
   302   0.152889E-08   0.128090E-10   0.120884E-10   0.128090E-10   0.319417E-12   0.668204E-13   0.120884E-10   0.668204E-13   0.687601E-09
   303   0.152642E-08   0.131280E-10   0.119272E-10   0.131280E-10   0.328880E-12   0.688826E-13   0.119272E-10   0.688826E-13   0.683294E-09
   304   0.152385E-08   0.134476E-10   0.117675E-10   0.134476E-10   0.338574E-12   0.709173E-13   0.117675E-10   0.709173E-13   0.679059E-09
   305   0.152120E-08   0.137676E-10   0.116094E-10   0.137676E-10   0.348500E-12   0.729245E-13   0.116094E-10   0.729245E-13   0.674895E-09
   306   0.151846E-08   0.140878E-10   0.114529E-10   0.140878E-10   0.358666E-12   0.749041E-13   0.114529E-10   0.749041E-13   0.670800E-09
   307   0.151563E-08   0.144082E-10   0.112980E-10   0.144082E-10   0.369065E-12   0.768561E-13   0.112980E-10   0.768561E-13   0.666772E-09
   308   0.151271E-08   0.147287E-10   0.111447E-10   0.147287E-10   0.379706E-12   0.787804E-13   0.111447E-10   0.787804E-13   0.662810E-09
   309   0.150971E-08   0.150492E-10   0.109929E-10   0.150492E-10   0.390590E-12   0.806770E-13   0.109929E-10   0.806770E-13   0.658914E-09
   310   0.150662E-08   0.153695E-10   0.108427E-10   0.153695E-10   0.401706E-12   0.825458E-13   0.108427E-10   0.825458E-13   0.655080E-09
   311   0.150344E-08   0.156894E-10   0.106940E-10   0.156894E-10   0.413076E-12   0.843867E-13   0.106940E-10   0.843867E-13   0.651309E-09
   312   0.150019E-08   0.160090E-10   0.105470E-10   0.160090E-10   0.424689E-12   0.861998E-13   0.105470E-10   0.861998E-13   0.647597E-09
   313   0.149685E-08   0.163280E-10   0.104014E-10   0.163280E-10   0.436557E-12   0.879849E-13   0.104014E-10   0.879849E-13   0.643945E-09
   314   0.149343E-08   0.166465E-10   0.102574E-10   0.166465E-10   0.448668E-12   0.897420E-13   0.102574E-10   0.897420E-13   0.640350E-09
   315   0.148993E-08   0.169642E-10   0.101150E-10   0.169642E-10   0.461025E-12   0.914711E-13   0.101150E-10   0.914711E-13   0.636811E-09
   316   0.148635E-08   0.172810E-10   0.997411E-11   0.172810E-10   0.473646E-12   0.931721E-13   0.997411E-11   0.931721E-13   0.633327E-09
   317   0.148269E-08   0.175971E-10   0.983475E-11   0.175971E-10   0.486513E-12   0.948450E-13   0.983475E-11   0.948450E-13   0.629896E-09
   318   0.147896E-08   0.179122E-10   0.969692E-11   0.179122E-10   0.499635E-12   0.964896E-13   0.969692E-11   0.964896E-13   0.626516E-09
   319   0.147515E-08   0.182261E-10   0.956062E-11   0.182261E-10   0.513014E-12   0.981060E-13   0.956062E-11   0.981060E-13   0.623187E-09
   320   0.147126E-08   0.185389E-10   0.942584E-11   0.185389E-10   0.526659E-12   0.996941E-13   0.942584E-11   0.996941E-13   0.619906E-09
   321   0.146730E-08   0.188505E-10   0.929258E-11   0.188505E-10   0.540560E-12   0.101254E-12   0.929258E-11   0.101254E-12   0.616673E-09
   322   0.146326E-08   0.191607E-10   0.916084E-11   0.191607E-10   0.554719E-12   0.102785E-12   0.916084E-11   0.102785E-12   0.613486E-09
   323   0.145916E-08   0.194695E-10   0.903061E-11   0.194695E-10   0.569135E-12   0.104288E-12   0.903061E-11   0.104288E-12   0.610343E-09
   324   0.145498E-08   0.197768E-10   0.890188E-11   0.197768E-10   0.583809E-12   0.105762E-12   0.890188E-11   0.105762E-12   0.607243E-09
   325   0.145073E-08   0.200826E-10   0.877466E-11   0.200826E-10   0.598752E-12   0.107208E-12   0.877466E-11   0.107208E-12   0.604184E-09
   326   0.144641E-08   0.203867E-10   0.864893E-11   0.203867E-10   0.613962E-12   0.108626E-12   0.864893E-11   0.108626E-12   0.601166E-09
   327   0.144202E-08   0.206890E-10   0.852470E-11   0.206890E-10   0.629432E-12   0.110014E-12   0.852470E-11   0.110014E-12   0.598186E-09
   328   0.143756E-08   0.209895E-10   0.840196E-11   0.209895E-10   0.645160E-12   0.111374E-12   0.840196E-11   0.111374E-12   0.595243E-09
   329   0.143303E-08   0.212884E-10   0.828071E-11   0.212884E-10   0.661159E-12   0.112705E-12   0.828071E-11   0.112705E-12   0.592336E-09
   330   0.142844E-08   0.215852E-10   0.816093E-11   0.215852E-10   0.677417E-12   0.114007E-12   0.816093E-11   0.114007E-12   0.589464E-09
   331   0.142378E-08   0.218800E-10   0.804264E-11   0.218800E-10   0.693945E-12   0.115280E-12   0.804264E-11   0.115280E-12   0.586624E-09
   332   0.141906E-08   0.221727E-10   0.792581E-11   0.221727E-10   0.710744E-12   0.116525E-12   0.792581E-11   0.116525E-12   0.583815E-09
   333   0.141427E-08   0.224634E-10   0.781046E-11   0.224634E-10   0.727804E-12   0.117740E-12   0.781046E-11   0.117740E-12   0.581036E-09
   334   0.140942E-08   0.227519E-10   0.769657E-11   0.227519E-10   0.745136E-12   0.118927E-12   0.769657E-11   0.118927E-12   0.578286E-09
   335   0.140450E-08   0.230381E-10   0.758414E-11   0.230381E-10   0.762728E-12   0.120084E-12   0.758414E-11   0.120084E-12   0.575562E-09
   336   0.139952E-08   0.233221E-10   0.747316E-11   0.233221E-10   0.780593E-12   0.121212E-12   0.747316E-11   0.121212E-12   0.572865E-09
   337   0.139448E-08   0.236039E-10   0.736364E-11   0.236039E-10   0.798730E-12   0.122311E-12   0.736364E-11   0.122311E-12   0.570191E-09
   338   0.138938E-08   0.238833E-10   0.725556E-11   0.238833E-10   0.817140E-12   0.123381E-12   0.725556E-11   0.123381E-12   0.567540E-09
   339   0.138422E-08   0.241604E-10   0.714893E-11   0.241604E-10   0.835823E-12   0.124422E-12   0.714893E-11   0.124422E-12   0.564910E-09
   340   0.137900E-08   0.244351E-10   0.704374E-11   0.244351E-10   0.854790E-12   0.125433E-12   0.704374E-11   0.125433E-12   0.562300E-09
   341   0.137372E-08   0.247073E-10   0.693998E-11   0.247073E-10   0.874020E-12   0.126415E-12   0.693998E-11   0.126415E-12   0.559708E-09
   342   0.136838E-08   0.249770E-10   0.683765E-11   0.249770E-10   0.893524E-12   0.127367E-12   0.683765E-11   0.127367E-12   0.557133E-09
   343   0.136299E-08   0.252441E-10   0.673675E-11   0.252441E-10   0.913302E-12   0.128290E-12   0.673675E-11   0.128290E-12   0.554573E-09
   344   0.135753E-08   0.255085E-10   0.663727E-11   0.255085E-10   0.933346E-12   0.129183E-12   0.663727E-11   0.129183E-12   0.552027E-09
   345   0.135202E-08   0.257703E-10   0.653921E-11   0.257703E-10   0.953664E-12   0.130047E-12   0.653921E-11   0.130047E-12   0.549494E-09
   346   0.134645E-08   0.260292E-10   0.644257E-11   0.260292E-10   0.974248E-12   0.130881E-12   0.644257E-11   0.130881E-12   0.546971E-09
   347   0.134082E-08   0.262854E-10   0.634733E-11   0.262854E-10   0.995108E-12   0.131685E-12   0.634733E-11   0.131685E-12   0.544458E-09
   348   0.133514E-08   0.265387E-10   0.625350E-11   0.265387E-10   0.101622E-11   0.132460E-12   0.625350E-11   0.132460E-12   0.541954E-09
   349   0.132939E-08   0.267893E-10   0.616107E-11   0.267893E-10   0.103763E-11   0.133205E-12   0.616107E-11   0.133205E-12   0.539456E-09
   350   0.132360E-08   0.270370E-10   0.607003E-11   0.270370E-10   0.105931E-11   0.133919E-12   0.607003E-11   0.133919E-12   0.536963E-09
   351   0.131775E-08   0.272819E-10   0.598039E-11   0.272819E-10   0.108127E-11   0.134604E-12   0.598039E-11   0.134604E-12   0.534474E-09
   352   0.131184E-08   0.275240E-10   0.589211E-11   0.275240E-10   0.110352E-11   0.135260E-12   0.589211E-11   0.135260E-12   0.531989E-09
   353   0.130588E-08   0.277631E-10   0.580519E-11   0.277631E-10   0.112604E-11   0.135885E-12   0.580519E-11   0.135885E-12   0.529507E-09
   354   0.129988E-08   0.279993E-10   0.571959E-11   0.279993E-10   0.114884E-11   0.136480E-12   0.571959E-11   0.136480E-12   0.527029E-09
   355   0.129382E-08   0.282325E-10   0.563529E-11   0.282325E-10   0.117190E-11   0.137046E-12   0.563529E-11   0.137046E-12   0.524554E-09
   356   0.128772E-08   0.284626E-10   0.555228E-11   0.284626E-10   0.119522E-11   0.137581E-12   0.555228E-11   0.137581E-12   0.522083E-09
   357   0.128157E-08   0.286894E-10   0.547053E-11   0.286894E-10   0.121881E-11   0.138087E-12   0.547053E-11   0.138087E-12   0.519615E-09
   358   0.127537E-08   0.289131E-10   0.539002E-11   0.289131E-10   0.124264E-11   0.138563E-12   0.539002E-11   0.138563E-12   0.517150E-09
   359   0.126913E-08   0.291333E-10   0.531073E-11   0.291333E-10   0.126672E-11   0.139009E-12   0.531073E-11   0.139009E-12   0.514688E-09
   360   0.126284E-08   0.293502E-10   0.523263E-11   0.293502E-10   0.129103E-11   0.139425E-12   0.523263E-11   0.139425E-12   0.512230E-09
   361   0.125651E-08   0.295635E-10   0.515570E-11   0.295635E-10   0.131557E-11   0.139811E-12   0.515570E-11   0.139811E-12   0.509774E-09
   362   0.125014E-08   0.297733E-10   0.507993E-11   0.297733E-10   0.134035E-11   0.140168E-12   0.507993E-11   0.140168E-12   0.507321E-09
   363   0.124373E-08   0.299794E-10   0.500528E-11   0.299794E-10   0.136534E-11   0.140494E-12   0.500528E-11   0.140494E-12   0.504871E-09
   364   0.123727E-08   0.301819E-10   0.493174E-11   0.301819E-10   0.139056E-11   0.140791E-12   0.493174E-11   0.140791E-12   0.502424E-09
   365   0.123078E-08   0.303807E-10   0.485929E-11   0.303807E-10   0.141599E-11   0.141058E-12   0.485929E-11   0.141058E-12   0.499979E-09
   366   0.122425E-08   0.305758E-10   0.478790E-11   0.305758E-10   0.144163E-11   0.141295E-12   0.478790E-11   0.141295E-12   0.497537E-09
   367   0.121769E-08   0.307671E-10   0.471755E-11   0.307671E-10   0.146749E-11   0.141502E-12   0.471755E-11   0.141502E-12   0.495097E-09
   368   0.121109E-08   0.309546E-10   0.464822E-11   0.309546E-10   0.149355E-11   0.141680E-12   0.464822E-11   0.141680E-12   0.492660E-09
   369   0.120445E-08   0.311382E-10   0.457989E-11   0.311382E-10   0.151983E-11   0.141828E-12   0.457989E-11   0.141828E-12   0.490225E-09
   370   0.119778E-08   0.313178E-10   0.451254E-11   0.313178E-10   0.154630E-11   0.141946E-12   0.451254E-11   0.141946E-12   0.487792E-09
   371   0.119107E-08   0.314935E-10   0.444614E-11   0.314935E-10   0.157298E-11   0.142034E-12   0.444614E-11   0.142034E-12   0.485362E-09
   372   0.118434E-08   0.316651E-10   0.438067E-11   0.316651E-10   0.159985E-11   0.142093E-12   0.438067E-11   0.142093E-12   0.482933E-09
   373   0.117757E-08   0.318327E-10   0.431611E-11   0.318327E-10   0.162692E-11   0.142121E-12   0.431611E-11   0.142121E-12   0.480507E-09
   374   0.117077E-08   0.319962E-10   0.425244E-11   0.319962E-10   0.165420E-11   0.142120E-12   0.425244E-11   0.142120E-12   0.478082E-09
   375   0.116394E-08   0.321555E-10   0.418963E-11   0.321555E-10   0.168167E-11   0.142090E-12   0.418963E-11   0.142090E-12   0.475660E-09
   376   0.115708E-08   0.323106E-10   0.412767E-11   0.323106E-10   0.170932E-11   0.142029E-12   0.412767E-11   0.142029E-12   0.473239E-09
   377   0.115019E-08   0.324615E-10   0.406653E-11   0.324615E-10   0.173717E-11   0.141939E-12   0.406653E-11   0.141939E-12   0.470820E-09
   378   0.114327E-08   0.326080E-10   0.400619E-11   0.326080E-10   0.176519E-11   0.141819E-12   0.400619E-11   0.141819E-12   0.468402E-09
   379   0.113632E-08   0.327502E-10   0.394663E-11   0.327502E-10   0.179340E-11   0.141669E-12   0.394663E-11   0.141669E-12   0.465986E-09
   380   0.112935E-08   0.328879E-10   0.388782E-11   0.328879E-10   0.182179E-11   0.141490E-12   0.388782E-11   0.141490E-12   0.463571E-09
   381   0.112235E-08   0.330212E-10   0.382975E-11   0.330212E-10   0.185036E-11   0.141281E-12   0.382975E-11   0.141281E-12   0.461158E-09
   382   0.111532E-08   0.331500E-10   0.377239E-11   0.331500E-10   0.187910E-11   0.141042E-12   0.377239E-11   0.141042E-12   0.458746E-09
   383   0.110827E-08   0.332742E-10   0.371572E-11   0.332742E-10   0.190802E-11   0.140773E-12   0.371572E-11   0.140773E-12   0.456336E-09
   384   0.110120E-08   0.333939E-10   0.365972E-11   0.333939E-10   0.193712E-11   0.140475E-12   0.365972E-11   0.140475E-12   0.453926E-09
   385   0.109410E-08   0.335089E-10   0.360437E-11   0.335089E-10   0.196640E-11   0.140147E-12   0.360437E-11   0.140147E-12   0.451518E-09
   386   0.108697E-08   0.336193E-10   0.354964E-11   0.336193E-10   0.199588E-11   0.139790E-12   0.354964E-11   0.139790E-12   0.449110E-09
   387   0.107983E-08   0.337250E-10   0.349552E-11   0.337250E-10   0.202553E-11   0.139402E-12   0.349552E-11   0.139402E-12   0.446703E-09
   388   0.107266E-08   0.338260E-10   0.344197E-11   0.338260E-10   0.205539E-11   0.138986E-12   0.344197E-11   0.138986E-12   0.444298E-09
   389   0.106546E-08   0.339221E-10   0.338898E-11   0.339221E-10   0.208545E-11   0.138539E-12   0.338898E-11   0.138539E-12   0.441893E-09
   390   0.105825E-08   0.340135E-10   0.333654E-11   0.340135E-10   0.211570E-11   0.138063E-12   0.333654E-11   0.138063E-12   0.439488E-09
   391   0.105101E-08   0.341001E-10   0.328460E-11   0.341001E-10   0.214615E-11   0.137557E-12   0.328460E-11   0.137557E-12   0.437084E-09
   392   0.104375E-08   0.341817E-10   0.323316E-11   0.341817E-10   0.217680E-11   0.137022E-12   0.323316E-11   0.137022E-12   0.434681E-09
   393   0.103647E-08   0.342584E-10   0.318219E-11   0.342584E-10   0.220765E-11   0.136457E-12   0.318219E-11   0.136457E-12   0.432278E-09
   394   0.102917E-08   0.343302E-10   0.313167E-11   0.343302E-10   0.223871E-11   0.135862E-12   0.313167E-11   0.135862E-12   0.429876E-09
   395   0.102184E-08   0.343969E-10   0.308157E-11   0.343969E-10   0.226996E-11   0.135238E-12   0.308157E-11   0.135238E-12   0.427474E-09
   396   0.101450E-08   0.344585E-10   0.303188E-11   0.344585E-10   0.230143E-11   0.134584E-12   0.303188E-11   0.134584E-12   0.425071E-09
   397   0.100713E-08   0.345150E-10   0.298258E-11   0.345150E-10   0.233311E-11   0.133900E-12   0.298258E-11   0.133900E-12   0.422669E-09
   398   0.999745E-09   0.345664E-10   0.293363E-11   0.345664E-10   0.236500E-11   0.133187E-12   0.293363E-11   0.133187E-12   0.420268E-09
   399   0.992339E-09   0.346126E-10   0.288502E-11   0.346126E-10   0.239710E-11   0.132445E-12   0.288502E-11   0.132445E-12   0.417866E-09
   400   0.984913E-09   0.346535E-10   0.283674E-11   0.346535E-10   0.242943E-11   0.131673E-12   0.283674E-11   0.131673E-12   0.415463E-09
   401   0.977468E-09   0.346891E-10   0.278875E-11   0.346891E-10   0.246198E-11   0.130871E-12   0.278875E-11   0.130871E-12   0.413061E-09
   402   0.970006E-09   0.347194E-10   0.274106E-11   0.347194E-10   0.249473E-11   0.130040E-12   0.274106E-11   0.130040E-12   0.410659E-09
   403   0.962529E-09   0.347445E-10   0.269369E-11   0.347445E-10   0.252767E-11   0.129181E-12   0.269369E-11   0.129181E-12   0.408257E-09
   404   0.955040E-09   0.347643E-10   0.264663E-11   0.347643E-10   0.256078E-11   0.128294E-12   0.264663E-11   0.128294E-12   0.405856E-09
   405   0.947539E-09   0.347789E-10   0.259990E-11   0.347789E-10   0.259404E-11   0.127380E-12   0.259990E-11   0.127380E-12   0.403455E-09
   406   0.940029E-09   0.347882E-10   0.255351E-11   0.347882E-10   0.262743E-11   0.126439E-12   0.255351E-11   0.126439E-12   0.401056E-09
   407   0.932513E-09   0.347924E-10   0.250745E-11   0.347924E-10   0.266093E-11   0.125472E-12   0.250745E-11   0.125472E-12   0.398657E-09
   408   0.924993E-09   0.347913E-10   0.246175E-11   0.347913E-10   0.269451E-11   0.124479E-12   0.246175E-11   0.124479E-12   0.396261E-09
   409   0.917468E-09   0.347851E-10   0.241640E-11   0.347851E-10   0.272818E-11   0.123461E-12   0.241640E-11   0.123461E-12   0.393866E-09
   410   0.909944E-09   0.347737E-10   0.237141E-11   0.347737E-10   0.276191E-11   0.122419E-12   0.237141E-11   0.122419E-12   0.391473E-09
   411   0.902420E-09   0.347571E-10   0.232680E-11   0.347571E-10   0.279566E-11   0.121353E-12   0.232680E-11   0.121353E-12   0.389082E-09
   412   0.894899E-09   0.347354E-10   0.228257E-11   0.347354E-10   0.282945E-11   0.120263E-12   0.228257E-11   0.120263E-12   0.386694E-09
   413   0.887384E-09   0.347085E-10   0.223872E-11   0.347085E-10   0.286323E-11   0.119151E-12   0.223872E-11   0.119151E-12   0.384309E-09
   414   0.879876E-09   0.346764E-10   0.219527E-11   0.346764E-10   0.289701E-11   0.118017E-12   0.219527E-11   0.118017E-12   0.381927E-09
   415   0.872376E-09   0.346391E-10   0.215222E-11   0.346391E-10   0.293077E-11   0.116860E-12   0.215222E-11   0.116860E-12   0.379548E-09
   416   0.864888E-09   0.345966E-10   0.210958E-11   0.345966E-10   0.296447E-11   0.115683E-12   0.210958E-11   0.115683E-12   0.377172E-09
   417   0.857413E-09   0.345490E-10   0.206736E-11   0.345490E-10   0.299813E-11   0.114486E-12   0.206736E-11   0.114486E-12   0.374801E-09
   418   0.849953E-09   0.344962E-10   0.202556E-11   0.344962E-10   0.303170E-11   0.113268E-12   0.202556E-11   0.113268E-12   0.372433E-09
   419   0.842510E-09   0.344382E-10   0.198420E-11   0.344382E-10   0.306519E-11   0.112032E-12   0.198420E-11   0.112032E-12   0.370070E-09
   420   0.835087E-09   0.343750E-10   0.194328E-11   0.343750E-10   0.309856E-11   0.110776E-12   0.194328E-11   0.110776E-12   0.367711E-09
   421   0.827685E-09   0.343067E-10   0.190280E-11   0.343067E-10   0.313181E-11   0.109502E-12   0.190280E-11   0.109502E-12   0.365357E-09
   422   0.820305E-09   0.342331E-10   0.186278E-11   0.342331E-10   0.316491E-11   0.108211E-12   0.186278E-11   0.108211E-12   0.363008E-09
   423   0.812951E-09   0.341544E-10   0.182323E-11   0.341544E-10   0.319785E-11   0.106902E-12   0.182323E-11   0.106902E-12   0.360665E-09
   424   0.805624E-09   0.340705E-10   0.178415E-11   0.340705E-10   0.323061E-11   0.105577E-12   0.178415E-11   0.105577E-12   0.358327E-09
   425   0.798325E-09   0.339814E-10   0.174554E-11   0.339814E-10   0.326318E-11   0.104236E-12   0.174554E-11   0.104236E-12   0.355995E-09
   426   0.791057E-09   0.338870E-10   0.170742E-11   0.338870E-10   0.329555E-11   0.102880E-12   0.170742E-11   0.102880E-12   0.353668E-09
   427   0.783819E-09   0.337874E-10   0.166980E-11   0.337874E-10   0.332771E-11   0.101508E-12   0.166980E-11   0.101508E-12   0.351348E-09
   428   0.776617E-09   0.336825E-10   0.163267E-11   0.336825E-10   0.335966E-11   0.100123E-12   0.163267E-11   0.100123E-12   0.349035E-09
   429   0.769449E-09   0.335722E-10   0.159606E-11   0.335722E-10   0.339137E-11   0.987239E-13   0.159606E-11   0.987239E-13   0.346728E-09
   430   0.762317E-09   0.334566E-10   0.155997E-11   0.334566E-10   0.342283E-11   0.973117E-13   0.155997E-11   0.973117E-13   0.344429E-09
   431   0.755225E-09   0.333356E-10   0.152439E-11   0.333356E-10   0.345406E-11   0.958869E-13   0.152439E-11   0.958869E-13   0.342137E-09
   432   0.748172E-09   0.332091E-10   0.148935E-11   0.332091E-10   0.348501E-11   0.944502E-13   0.148935E-11   0.944502E-13   0.339852E-09
   433   0.741163E-09   0.330772E-10   0.145485E-11   0.330772E-10   0.351568E-11   0.930021E-13   0.145485E-11   0.930021E-13   0.337575E-09
   434   0.734196E-09   0.329399E-10   0.142090E-11   0.329399E-10   0.354607E-11   0.915432E-13   0.142090E-11   0.915432E-13   0.335306E-09
   435   0.727277E-09   0.327970E-10   0.138751E-11   0.327970E-10   0.357615E-11   0.900740E-13   0.138751E-11   0.900740E-13   0.333045E-09
   436   0.720406E-09   0.326486E-10   0.135467E-11   0.326486E-10   0.360591E-11   0.885951E-13   0.135467E-11   0.885951E-13   0.330793E-09
   437   0.713585E-09   0.324947E-10   0.132241E-11   0.324947E-10   0.363533E-11   0.871071E-13   0.132241E-11   0.871071E-13   0.328550E-09
   438   0.706815E-09   0.323351E-10   0.129072E-11   0.323351E-10   0.366441E-11   0.856105E-13   0.129072E-11   0.856105E-13   0.326316E-09
   439   0.700100E-09   0.321699E-10   0.125962E-11   0.321699E-10   0.369314E-11   0.841059E-13   0.125962E-11   0.841059E-13   0.324091E-09
   440   0.693440E-09   0.319991E-10   0.122912E-11   0.319991E-10   0.372150E-11   0.825939E-13   0.122912E-11   0.825939E-13   0.321875E-09
   441   0.686837E-09   0.318225E-10   0.119921E-11   0.318225E-10   0.374948E-11   0.810750E-13   0.119921E-11   0.810750E-13   0.319670E-09
   442   0.680291E-09   0.316402E-10   0.116992E-11   0.316402E-10   0.377707E-11   0.795498E-13   0.116992E-11   0.795498E-13   0.317474E-09
   443   0.673804E-09   0.314520E-10   0.114124E-11   0.314520E-10   0.380427E-11   0.780189E-13   0.114124E-11   0.780189E-13   0.315289E-09
   444   0.667378E-09   0.312580E-10   0.111318E-11   0.312580E-10   0.383106E-11   0.764829E-13   0.111318E-11   0.764829E-13   0.313114E-09
   445   0.661015E-09   0.310581E-10   0.108576E-11   0.310581E-10   0.385743E-11   0.749422E-13   0.108576E-11   0.749422E-13   0.310950E-09
   446   0.654715E-09   0.308523E-10   0.105897E-11   0.308523E-10   0.388338E-11   0.733976E-13   0.105897E-11   0.733976E-13   0.308797E-09
   447   0.648481E-09   0.306403E-10   0.103283E-11   0.306403E-10   0.390889E-11   0.718495E-13   0.103283E-11   0.718495E-13   0.306655E-09
   448   0.642315E-09   0.304223E-10   0.100735E-11   0.304223E-10   0.393396E-11   0.702985E-13   0.100735E-11   0.702985E-13   0.304525E-09
   449   0.636220E-09   0.301981E-10   0.982527E-12   0.301981E-10   0.395858E-11   0.687452E-13   0.982527E-12   0.687452E-13   0.302407E-09
   450   0.630196E-09   0.299677E-10   0.958376E-12   0.299677E-10   0.398273E-11   0.671901E-13   0.958376E-12   0.671901E-13   0.300300E-09
   451   0.624245E-09   0.297310E-10   0.934898E-12   0.297310E-10   0.400642E-11   0.656338E-13   0.934898E-12   0.656338E-13   0.298206E-09
   452   0.618367E-09   0.294882E-10   0.912084E-12   0.294882E-10   0.402965E-11   0.640763E-13   0.912084E-12   0.640763E-13   0.296124E-09
   453   0.612558E-09   0.292395E-10   0.889920E-12   0.292395E-10   0.405245E-11   0.625177E-13   0.889920E-12   0.625177E-13   0.294054E-09
   454   0.606817E-09   0.289853E-10   0.868393E-12   0.289853E-10   0.407484E-11   0.609580E-13   0.868393E-12   0.609580E-13   0.291995E-09
   455   0.601140E-09   0.287258E-10   0.847489E-12   0.287258E-10   0.409682E-11   0.593972E-13   0.847489E-12   0.593972E-13   0.289948E-09
   456   0.595526E-09   0.284612E-10   0.827195E-12   0.284612E-10   0.411842E-11   0.578353E-13   0.827195E-12   0.578353E-13   0.287912E-09
   457   0.589972E-09   0.281917E-10   0.807498E-12   0.281917E-10   0.413966E-11   0.562724E-13   0.807498E-12   0.562724E-13   0.285886E-09
   458   0.584475E-09   0.279176E-10   0.788382E-12   0.279176E-10   0.416055E-11   0.547084E-13   0.788382E-12   0.547084E-13   0.283871E-09
   459   0.579033E-09   0.276392E-10   0.769836E-12   0.276392E-10   0.418111E-11   0.531435E-13   0.769836E-12   0.531435E-13   0.281866E-09
   460   0.573645E-09   0.273566E-10   0.751846E-12   0.273566E-10   0.420136E-11   0.515776E-13   0.751846E-12   0.515776E-13   0.279872E-09
   461   0.568307E-09   0.270701E-10   0.734397E-12   0.270701E-10   0.422132E-11   0.500108E-13   0.734397E-12   0.500108E-13   0.277887E-09
   462   0.563021E-09   0.267798E-10   0.717477E-12   0.267798E-10   0.424102E-11   0.484430E-13   0.717477E-12   0.484430E-13   0.275912E-09
   463   0.557781E-09   0.264859E-10   0.701071E-12   0.264859E-10   0.426048E-11   0.468744E-13   0.701071E-12   0.468744E-13   0.273946E-09
   464   0.552590E-09   0.261886E-10   0.685167E-12   0.261886E-10   0.427971E-11   0.453048E-13   0.685167E-12   0.453048E-13   0.271989E-09
   465   0.547442E-09   0.258882E-10   0.669751E-12   0.258882E-10   0.429873E-11   0.437344E-13   0.669751E-12   0.437344E-13   0.270041E-09
   466   0.542339E-09   0.255848E-10   0.654809E-12   0.255848E-10   0.431758E-11   0.421632E-13   0.654809E-12   0.421632E-13   0.268102E-09
   467   0.537276E-09   0.252786E-10   0.640327E-12   0.252786E-10   0.433626E-11   0.405912E-13   0.640327E-12   0.405912E-13   0.266171E-09
   468   0.532252E-09   0.249699E-10   0.626293E-12   0.249699E-10   0.435480E-11   0.390184E-13   0.626293E-12   0.390184E-13   0.264248E-09
   469   0.527264E-09   0.246587E-10   0.612692E-12   0.246587E-10   0.437321E-11   0.374449E-13   0.612692E-12   0.374449E-13   0.262333E-09
   470   0.522310E-09   0.243454E-10   0.599511E-12   0.243454E-10   0.439151E-11   0.358706E-13   0.599511E-12   0.358706E-13   0.260426E-09
   471   0.517387E-09   0.240303E-10   0.586737E-12   0.240303E-10   0.440972E-11   0.342956E-13   0.586737E-12   0.342956E-13   0.258526E-09
   472   0.512493E-09   0.237134E-10   0.574355E-12   0.237134E-10   0.442788E-11   0.327199E-13   0.574355E-12   0.327199E-13   0.256633E-09
   473   0.507626E-09   0.233951E-10   0.562353E-12   0.233951E-10   0.444598E-11   0.311436E-13   0.562353E-12   0.311436E-13   0.254747E-09
   474   0.502784E-09   0.230753E-10   0.550717E-12   0.230753E-10   0.446404E-11   0.295666E-13   0.550717E-12   0.295666E-13   0.252868E-09
   475   0.497965E-09   0.227545E-10   0.539433E-12   0.227545E-10   0.448210E-11   0.279890E-13   0.539433E-12   0.279890E-13   0.250995E-09
   476   0.493168E-09   0.224327E-10   0.528488E-12   0.224327E-10   0.450017E-11   0.264108E-13   0.528488E-12   0.264108E-13   0.249128E-09
   477   0.488390E-09   0.221101E-10   0.517868E-12   0.221101E-10   0.451826E-11   0.248321E-13   0.517868E-12   0.248321E-13   0.247267E-09
   478   0.483630E-09   0.217870E-10   0.507559E-12   0.217870E-10   0.453640E-11   0.232528E-13   0.507559E-12   0.232528E-13   0.245412E-09
   479   0.478889E-09   0.214633E-10   0.497549E-12   0.214633E-10   0.455462E-11   0.216730E-13   0.497549E-12   0.216730E-13   0.243562E-09
   480   0.474161E-09   0.211395E-10   0.487823E-12   0.211395E-10   0.457293E-11   0.200927E-13   0.487823E-12   0.200927E-13   0.241717E-09
   481   0.469447E-09   0.208155E-10   0.478368E-12   0.208155E-10   0.459134E-11   0.185119E-13   0.478368E-12   0.185119E-13   0.239878E-09
   482   0.464743E-09   0.204917E-10   0.469171E-12   0.204917E-10   0.460989E-11   0.169307E-13   0.469171E-12   0.169307E-13   0.238042E-09
   483   0.460047E-09   0.201681E-10   0.460217E-12   0.201681E-10   0.462857E-11   0.153490E-13   0.460217E-12   0.153490E-13   0.236212E-09
   484   0.455358E-09   0.198450E-10   0.451494E-12   0.198450E-10   0.464743E-11   0.137669E-13   0.451494E-12   0.137669E-13   0.234385E-09
   485   0.450672E-09   0.195225E-10   0.442987E-12   0.195225E-10   0.466648E-11   0.121845E-13   0.442987E-12   0.121845E-13   0.232563E-09
   486   0.445989E-09   0.192008E-10   0.434684E-12   0.192008E-10   0.468573E-11   0.106017E-13   0.434684E-12   0.106017E-13   0.230744E-09
   487   0.441305E-09   0.188800E-10   0.426571E-12   0.188800E-10   0.470519E-11   0.901859E-14   0.426571E-12   0.901859E-14   0.228928E-09
   488   0.436619E-09   0.185604E-10   0.418633E-12   0.185604E-10   0.472491E-11   0.743517E-14   0.418633E-12   0.743517E-14   0.227116E-09
   489   0.431930E-09   0.182420E-10   0.410858E-12   0.182420E-10   0.474488E-11   0.585146E-14   0.410858E-12   0.585146E-14   0.225307E-09
   490   0.427236E-09   0.179250E-10   0.403233E-12   0.179250E-10   0.476513E-11   0.426749E-14   0.403233E-12   0.426749E-14   0.223500E-09
   491   0.422535E-09   0.176097E-10   0.395742E-12   0.176097E-10   0.478569E-11   0.268328E-14   0.395742E-12   0.268328E-14   0.221696E-09
   492   0.417826E-09   0.172960E-10   0.388374E-12   0.172960E-10   0.480655E-11   0.109886E-14   0.388374E-12   0.109886E-14   0.219894E-09
   493   0.413108E-09   0.169843E-10   0.381114E-12   0.169843E-10   0.482775E-11  -0.485750E-15   0.381114E-12  -0.485750E-15   0.218094E-09
   494   0.408378E-09   0.166746E-10   0.373949E-12   0.166746E-10   0.484930E-11  -0.207052E-14   0.373949E-12  -0.207052E-14   0.216296E-09
   495   0.403636E-09   0.163670E-10   0.366865E-12   0.163670E-10   0.487123E-11  -0.365544E-14   0.366865E-12  -0.365544E-14   0.214499E-09
   496   0.398879E-09   0.160618E-10   0.359849E-12   0.160618E-10   0.489354E-11  -0.524047E-14   0.359849E-12  -0.524047E-14   0.212704E-09
   497   0.394104E-09   0.157591E-10   0.352887E-12   0.157591E-10   0.491626E-11  -0.682560E-14   0.352887E-12  -0.682560E-14   0.210909E-09
   498   0.389311E-09   0.154590E-10   0.345966E-12   0.154590E-10   0.493939E-11  -0.841080E-14   0.345966E-12  -0.841080E-14   0.209115E-09
   499   0.384498E-09   0.151617E-10   0.339072E-12   0.151617E-10   0.496297E-11  -0.999605E-14   0.339072E-12  -0.999605E-14   0.207322E-09
   500   0.379661E-09   0.148674E-10   0.332191E-12   0.148674E-10   0.498701E-11  -0.115813E-13   0.332191E-12  -0.115813E-13   0.205529E-09
